0

23
20 33
27 17
14 35
13 11
30 20
27 29
16 17
5 0
27 30
13 8
14 11
14 9
33 8
31 9
29 15
27 31
13 33
23 20
32 9
29 8
20 35
19 33
23 35

23
12 8
28 35
13 11
33 11
3 2
27 33
13 36
16 31
19 9
30 31
27 32
31 9
20 33
22 36
20 34
14 34
32 11
31 35
23 9
32 35
22 35
16 30
13 9


23
23 11
24 33
26 31
19 11
31 9
24 35
27 34
32 34
16 36
30 8
13 11
32 35
16 30
30 20
24 19
29 36
29 15
14 9
16 17
28 34
26 29
23 34
28 19

23
29 8
28 11
23 8
26 25
16 31
16 15
31 32
29 17
26 20
27 15
31 34
18 34
33 11
18 35
34 11
18 36
24 32
29 25
23 35
16 32
24 36
4 2
16 35

23
23 36
29 15
30 32
14 35
18 35
28 8
20 9
26 32
5 36
27 34
20 36
23 9
30 17
3 4
19 11
13 8
13 35
16 30
33 34
31 11
31 33
28 31
13 33


56
29 30
19 9
28 15
24 9
34 36
26 29
28 32
3 4
28 19
23 33
22 33
18 8
28 30
29 31
5 6
24 25
14 35
20 36
16 19
24 32
29 35
14 11
30 20
20 9
29 11
26 19
4 1
34 8
27 34
30 8
13 35
27 29
14 33
30 15
23 35
16 17
24 31
27 30
30 31
20 11
34 35
18 35
24 23
33 8
16 25
24 11
26 11
27 8
27 25
27 20
24 15
30 34
23 11
24 36
29 32
32 34

56
33 36
30 33
5 35
28 11
29 25
34 11
4 1
5 1
22 20
20 9
23 11
31 15
13 35
29 17
19 33
34 36
33 34
30 34
32 9
32 35
5 2
33 8
22 8
27 11
14 35
16 8
14 9
26 30
28 19
26 9
28 32
28 25
23 34
18 9
24 9
14 33
5 0
18 36
6 35
34 35
26 20
12 35
24 8
28 20
16 25
27 30
26 36
30 36
32 11
27 15
29 20
13 33
31 8
29 11
28 8
19 36


56
28 31
31 8
13 35
26 36
27 8
19 20
29 17
29 30
20 36
19 36
24 25
5 6
16 11
26 31
20 8
24 34
5 2
16 32
24 9
24 20
26 9
23 35
31 33
18 11
27 15
32 36
12 36
19 9
10 9
18 8
31 15
28 8
34 35
30 36
27 35
31 34
34 11
22 20
26 32
26 15
19 35
16 34
34 36
24 36
31 19
28 30
30 9
3 36
26 20
23 34
22 21
29 36
27 9
14 35
29 32
24 33

56
3 35
3 4
14 35
27 29
26 11
28 34
31 11
24 9
3 1
32 15
23 36
23 9
16 36
16 15
24 8
29 34
33 36
30 17
29 9
19 36
27 31
3 6
16 9
18 19
26 8
27 17
32 9
30 36
14 33
30 20
28 15
22 34
28 33
30 33
29 25
29 33
29 36
35 36
29 17
29 15
24 25
19 33
27 35
27 19
4 1
29 11
24 15
13 14
22 33
23 35
29 20
14 34
26 32
29 8
27 28
22 35


56
24 35
28 29
5 2
26 31
27 36
34 9
30 34
19 9
3 6
24 20
16 17
31 9
30 36
27 9
18 19
26 25
24 19
29 9
24 31
22 11
13 35
27 34
32 33
32 36
28 33
14 36
28 20
29 32
29 15
30 33
16 33
14 8
22 33
12 11
16 35
33 35
14 35
20 34
20 8
18 35
27 35
28 34
27 15
20 33
12 33
16 8
27 30
16 34
28 25
24 30
16 9
28 19
18 33
27 19
31 20
29 34


112
34 9
12 8
27 34
33 35
16 8
5 1
16 25
12 35
27 32
29 33
30 34
4 1
29 35
28 8
24 36
13 33
16 34
27 25
3 1
27 35
26 30
27 20
18 33
28 36
28 20
31 15
29 32
28 34
5 36
27 11
13 14
4 2
32 34
26 9
20 8
22 8
31 34
27 30
33 8
28 35
14 34
27 17
23 8
28 29
30 31
3 35
7 8
13 34
30 9
32 11
20 35
28 17
28 31
19 34
3 2
28 30
14 33
32 33
23 20
32 15
13 36
24 9
5 2
16 9
29 9
3 4
30 15
18 11
3 6
31 9
18 34
28 11
31 35
28 32
23 34
24 15
31 20
16 32
20 9
23 35
29 20
24 20
16 36
19 20
24 34
26 34
12 36
19 35
26 8
29 11
30 33
24 11
34 11
12 34
28 19
29 36
16 30
26 32
22 34
19 36
28 25
27 8
3 36
14 36
30 35
23 36
16 20
24 31
23 9
26 36
22 11
12 11

112
22 9
30 31
19 20
31 19
16 15
12 34
32 9
29 19
18 19
24 34
22 23
29 25
24 23
5 6
13 8
27 17
34 9
33 8
3 36
33 35
32 34
33 34
16 36
22 21
24 32
13 14
29 35
35 36
27 32
22 34
16 30
29 34
34 8
13 35
3 4
32 11
32 8
24 9
30 20
4 2
14 11
28 19
6 36
32 33
24 20
18 34
33 11
27 30
26 9
28 25
29 32
7 8
14 36
3 2
16 8
26 31
12 9
18 35
26 30
31 15
20 9
24 15
14 34
18 9
26 8
18 20
26 34
29 31
26 11
31 11
29 33
16 19
28 33
22 20
30 17
13 33
18 33
28 30
31 33
27 31
14 35
24 17
27 9
28 32
26 35
24 11
14 33
28 35
24 31
31 8
20 34
28 17
20 8
23 34
24 35
22 11
29 30
30 35
3 1
23 9
28 15
24 8
34 36
23 33
16 20
12 8
28 9
30 15
5 35
34 35
26 25
30 33


112
12 11
18 34
16 17
30 20
33 11
16 35
5 0
16 9
12 36
29 35
12 34
3 6
32 15
19 36
31 36
31 8
28 32
26 31
33 35
32 8
23 36
13 14
31 34
18 8
31 15
24 15
27 30
32 33
24 19
12 33
22 20
16 20
26 32
16 19
33 34
29 19
24 20
16 25
27 36
34 35
23 8
16 33
23 33
18 35
19 34
23 35
26 19
16 11
24 9
22 34
26 34
14 11
26 36
29 15
29 31
12 35
35 36
28 17
30 34
5 1
32 9
23 20
31 20
16 31
34 9
23 11
28 34
3 36
18 9
26 9
22 35
19 11
27 31
19 8
5 2
22 9
13 34
5 6
27 32
24 34
26 11
4 1
27 19
33 8
26 29
20 11
19 33
29 32
26 30
28 33
16 15
28 20
27 17
24 17
31 35
24 8
24 35
28 9
32 36
26 17
5 4
31 19
34 11
29 36
5 35
27 35
24 36
13 11
26 15
16 8
27 8
30 8


112
13 35
30 20
29 9
16 31
24 35
13 34
32 33
26 36
27 15
24 23
30 33
23 11
29 36
26 29
4 1
24 8
23 36
20 9
32 8
29 15
30 17
28 20
3 35
16 15
29 30
26 8
27 33
16 8
24 9
26 9
26 33
33 8
31 34
32 36
16 25
32 15
18 11
29 11
12 36
13 36
12 9
19 8
35 36
23 33
18 9
31 9
28 35
20 11
28 15
24 17
28 19
34 36
33 36
28 30
22 11
22 36
26 34
18 20
31 35
27 35
16 11
5 0
19 34
27 34
14 33
23 20
28 9
22 33
3 4
26 32
14 11
29 17
10 9
14 36
33 11
32 34
30 19
30 35
27 19
26 25
12 34
30 9
27 17
19 9
30 11
33 34
18 33
16 35
22 9
26 15
31 32
31 19
13 33
18 35
5 2
27 9
27 32
3 36
20 8
5 36
29 32
12 35
28 31
29 33
28 11
31 36
19 20
27 31
26 35
27 8
24 36
28 8


223
26 30
20 33
12 11
27 35
34 9
16 35
22 23
18 33
27 32
13 36
16 11
28 20
16 34
32 11
12 36
33 36
27 34
16 17
24 11
33 34
19 36
31 8
24 30
16 32
31 34
28 32
26 29
29 35
28 17
30 32
27 17
24 31
27 11
29 9
31 32
29 15
29 34
18 36
13 9
20 9
35 36
3 36
16 8
5 0
30 8
29 11
24 9
16 15
22 9
27 31
23 33
12 9
28 29
28 9
30 35
16 31
20 8
27 19
31 35
29 19
13 33
33 9
10 11
22 11
28 11
12 34
27 20
26 17
27 36
19 35
14 11
3 2
26 36
24 25
5 35
24 15
32 8
26 32
5 36
26 34
28 35
23 20
23 35
7 8
28 30
14 34
27 9
16 25
19 11
28 15
13 14
34 36
32 35
26 8
14 33
22 33
3 4
26 31
26 25
20 35
24 19
16 33
26 9
19 34
13 34
29 17
3 35
27 25
20 34
18 20
20 36
19 8
3 6
28 25
32 36
30 20
31 9
29 25
29 30
18 11
33 11
18 19
30 17
28 31
16 19
30 9
24 36
4 2
24 33
26 33
20 11
29 20
28 19
19 20
28 8
5 2
18 35
24 35
29 33
22 21
32 9
31 15
28 33
4 1
32 34
27 8
30 36
31 36
27 15
31 19
24 34
14 36
13 35
12 8
27 33
30 31
18 8
5 1
23 11
29 31
22 20
19 9
19 33
24 8
13 8
30 15
27 30
29 32
26 15
18 34
31 11
14 35
34 35
30 19
33 35
24 17
14 9
22 34
31 20
5 6
23 8
22 35
24 23
27 28
6 35
5 4
16 9
30 33
34 8
3 1
12 33
30 34
18 9
34 11
16 30
26 11
28 34
26 35
23 9
14 8
26 20
22 36
26 19
30 11
16 36
29 8
12 35
29 36
24 32
24 20
27 29
33 8
23 34
23 36
32 15
13 11
10 9
22 8
16 20
6 36
32 33
31 33
28 36

223
26 30
20 33
12 11
27 35
34 9
16 35
22 23
18 33
27 32
13 36
16 11
28 20
16 34
32 11
12 36
33 36
27 34
16 17
24 11
33 34
19 36
31 8
24 30
16 32
31 34
28 32
26 29
29 35
28 17
30 32
27 17
24 31
27 11
29 9
31 32
29 15
29 34
18 36
13 9
20 9
35 36
3 36
16 8
5 0
30 8
29 11
24 9
16 15
22 9
27 31
23 33
12 9
28 29
28 9
30 35
16 31
20 8
27 19
31 35
29 19
13 33
33 9
10 11
22 11
28 11
12 34
27 20
26 17
27 36
19 35
14 11
3 2
26 36
24 25
5 35
24 15
32 8
26 32
5 36
26 34
28 35
23 20
23 35
7 8
28 30
14 34
27 9
16 25
19 11
28 15
13 14
34 36
32 35
26 8
14 33
22 33
3 4
26 31
26 25
20 35
24 19
16 33
26 9
19 34
13 34
29 17
3 35
27 25
20 34
18 20
20 36
19 8
3 6
28 25
32 36
30 20
31 9
29 25
29 30
18 11
33 11
18 19
30 17
28 31
16 19
30 9
24 36
4 2
24 33
26 33
20 11
29 20
28 19
19 20
28 8
5 2
18 35
24 35
29 33
22 21
32 9
31 15
28 33
4 1
32 34
27 8
30 36
31 36
27 15
31 19
24 34
14 36
13 35
12 8
27 33
30 31
18 8
5 1
23 11
29 31
22 20
19 9
19 33
24 8
13 8
30 15
27 30
29 32
26 15
18 34
31 11
14 35
34 35
30 19
33 35
24 17
14 9
22 34
31 20
5 6
23 8
22 35
24 23
27 28
6 35
5 4
16 9
30 33
34 8
3 1
12 33
30 34
18 9
34 11
16 30
26 11
28 34
26 35
23 9
14 8
26 20
22 36
26 19
30 11
16 36
29 8
12 35
29 36
24 32
24 20
27 29
33 8
23 34
23 36
32 15
13 11
10 9
22 8
16 20
6 36
32 33
31 33
28 36

223
26 30
20 33
12 11
27 35
34 9
16 35
22 23
18 33
27 32
13 36
16 11
28 20
16 34
32 11
12 36
33 36
27 34
16 17
24 11
33 34
19 36
31 8
24 30
16 32
31 34
28 32
26 29
29 35
28 17
30 32
27 17
24 31
27 11
29 9
31 32
29 15
29 34
18 36
13 9
20 9
35 36
3 36
16 8
5 0
30 8
29 11
24 9
16 15
22 9
27 31
23 33
12 9
28 29
28 9
30 35
16 31
20 8
27 19
31 35
29 19
13 33
33 9
10 11
22 11
28 11
12 34
27 20
26 17
27 36
19 35
14 11
3 2
26 36
24 25
5 35
24 15
32 8
26 32
5 36
26 34
28 35
23 20
23 35
7 8
28 30
14 34
27 9
16 25
19 11
28 15
13 14
34 36
32 35
26 8
14 33
22 33
3 4
26 31
26 25
20 35
24 19
16 33
26 9
19 34
13 34
29 17
3 35
27 25
20 34
18 20
20 36
19 8
3 6
28 25
32 36
30 20
31 9
29 25
29 30
18 11
33 11
18 19
30 17
28 31
16 19
30 9
24 36
4 2
24 33
26 33
20 11
29 20
28 19
19 20
28 8
5 2
18 35
24 35
29 33
22 21
32 9
31 15
28 33
4 1
32 34
27 8
30 36
31 36
27 15
31 19
24 34
14 36
13 35
12 8
27 33
30 31
18 8
5 1
23 11
29 31
22 20
19 9
19 33
24 8
13 8
30 15
27 30
29 32
26 15
18 34
31 11
14 35
34 35
30 19
33 35
24 17
14 9
22 34
31 20
5 6
23 8
22 35
24 23
27 28
6 35
5 4
16 9
30 33
34 8
3 1
12 33
30 34
18 9
34 11
16 30
26 11
28 34
26 35
23 9
14 8
26 20
22 36
26 19
30 11
16 36
29 8
12 35
29 36
24 32
24 20
27 29
33 8
23 34
23 36
32 15
13 11
10 9
22 8
16 20
6 36
32 33
31 33
28 36
