0%:

0


0.1%:

1
28 30

1
29 11

1
32 36

1
16 25

1
31 15



1%:

3
31 36
23 9
31 8

3
24 32
3 35
27 32

3
29 34
29 19
4 2

3
29 33
19 34
12 11

3
30 20
27 11
32 9



5%

12
13 34
30 33
3 4
26 9
30 17
31 20
23 9
30 11
30 36
22 11
28 15
14 33

12
5 36
16 15
28 36
26 19
26 17
33 34
24 17
32 11
4 2
16 35
30 20
29 20

12
28 19
16 34
23 9
24 25
26 36
33 8
22 35
24 36
22 11
28 8
28 17
12 35

12
20 35
31 34
30 33
30 8
3 35
5 2
4 2
30 32
13 33
19 9
29 11
16 15

12
27 29
33 8
22 35
30 11
10 11
23 34
31 8
14 11
32 33
20 8
33 34
24 20





10%:

23
26 30
3 35
20 8
34 8
12 9
20 9
27 32
35 36
16 19
28 33
30 15
5 35
27 9
27 20
16 25
4 2
26 25
12 11
5 1
31 19
27 33
28 34
18 36

23
19 35
28 15
31 15
27 11
27 17
27 34
22 21
13 9
31 20
29 25
24 33
26 32
3 1
14 9
30 9
20 35
16 9
29 31
16 31
27 29
27 8
29 15
22 35


23
27 8
26 29
16 32
19 9
28 29
22 21
31 19
29 15
32 33
16 36
31 8
23 8
22 23
12 33
27 35
26 15
29 36
14 9
26 34
27 30
28 33
30 32
3 36


23
26 15
28 19
22 33
32 11
26 35
3 36
24 36
34 9
32 35
32 15
12 35
28 29
28 31
31 19
32 33
30 17
30 8
30 20
6 35
29 19
4 1
16 11
26 11

23
16 34
20 35
26 9
30 36
32 33
13 11
24 25
29 35
3 6
30 11
30 35
13 35
20 9
24 9
16 35
27 25
28 9
19 36
24 31
31 8
31 20
28 20
30 8
