0%:

0







1%:

1
0 7

1
2 6

1
3 6

1
5 7

1
1 6





10%:

2
4 7
0 1

2
4 7
1 6

2
2 4
1 6

2
5 6
1 5

2
2 5
4 7





25%:

5
0 7
3 7
1 5
2 7
3 5


5
1 6
2 3
0 1
4 7
2 7


5
2 5
5 7
2 7
2 6
0 1

5
0 1
1 7
0 7
2 7
2 4

5
2 6
2 3
0 5
2 4
3 6


50%:

9
2 7
0 5
1 7
0 7
4 7
5 7
3 5
2 5
3 7

9
3 6
3 7
2 3
5 7
2 6
4 7
0 7
2 4
0 1

9
2 3
2 5
1 5
2 4
3 5
0 7
0 1
1 6
3 7

9
3 7
4 7
1 7
5 7
0 6
0 7
0 5
2 7
2 5

9
0 1
2 3
2 4
0 6
1 7
0 5
2 6
3 6
5 6






100%:

18
5 6
3 6
0 7
2 7
1 7
0 5
0 1
3 7
4 7
2 6
2 3
0 6
1 6
3 5
1 5
5 7
2 5
2 4
