0

54
35 40
7 39
29 45
2 7
16 29
12 23
30 43
6 44
6 14
32 40
29 42
33 43
5 45
33 45
2 14
25 27
15 40
38 40
4 43
3 44
9 44
3 23
33 41
32 46
4 42
1 46
32 44
2 23
27 44
26 37
26 35
5 43
12 34
10 42
5 23
5 13
8 9
6 35
13 14
1 11
9 24
18 39
0 3
1 35
17 44
28 45
4 45
0 7
7 24
13 45
1 23
17 18
9 14
30 45

54
11 34
11 39
8 37
0 3
8 11
26 43
10 14
19 20
5 40
3 39
5 43
33 34
1 42
34 41
31 40
2 7
19 41
33 45
36 37
31 39
26 27
28 45
1 34
1 43
27 46
21 46
13 24
33 46
23 44
38 40
31 37
11 42
23 40
28 40
29 44
34 45
37 46
0 44
13 45
3 7
7 23
18 47
33 43
21 42
17 45
10 42
1 35
26 40
12 23
21 41
32 34
30 43
12 44
10 41

54
28 31
21 41
37 42
24 35
30 43
1 35
28 41
24 37
10 44
22 44
22 43
16 29
25 46
2 40
14 15
0 10
22 46
34 45
25 41
24 34
33 44
21 40
0 44
27 40
10 14
32 37
7 42
35 40
2 42
12 14
14 35
19 39
28 32
1 44
8 41
16 40
6 42
37 45
6 44
12 15
33 37
7 34
6 39
11 34
19 33
19 42
1 45
35 44
36 42
9 45
28 39
34 40
13 40
0 45

54
21 37
24 44
5 13
26 39
12 13
30 43
27 39
0 23
18 46
16 37
13 44
14 46
24 45
9 42
6 39
38 39
6 14
30 31
11 37
1 45
15 40
19 33
0 46
27 35
24 39
36 37
22 40
8 37
27 34
17 43
28 39
34 35
29 39
23 41
1 37
14 43
28 44
33 40
36 41
29 34
23 37
10 46
25 35
2 13
24 46
1 40
18 39
9 23
6 41
8 11
21 46
16 35
10 11
18 35

54
21 45
25 44
34 35
13 43
27 44
14 46
32 45
25 37
32 34
7 40
6 46
6 23
1 2
26 32
34 41
8 34
12 15
28 41
14 35
9 39
10 34
0 12
17 46
1 44
12 34
3 46
34 42
7 41
11 42
32 40
30 34
16 44
28 39
23 34
3 45
23 42
14 44
30 31
26 45
0 43
16 30
7 44
31 43
19 45
6 13
5 46
34 37
31 34
29 32
22 46
0 24
17 37
34 44
30 39

135
2 40
29 42
31 39
11 41
1 42
8 46
38 44
10 15
17 45
14 15
33 43
14 45
12 41
13 15
9 12
14 46
7 37
4 11
29 40
11 44
22 40
12 35
12 43
9 46
17 44
3 23
30 40
26 40
6 41
13 45
34 40
25 40
13 24
32 35
7 34
8 34
4 39
16 31
32 44
8 35
18 47
32 39
8 45
2 23
6 42
27 44
2 3
18 37
29 30
16 34
5 24
25 41
23 40
10 45
12 46
28 32
28 35
1 35
13 40
36 42
30 37
7 45
7 46
34 43
19 45
19 35
31 43
38 42
2 45
3 37
7 15
11 46
23 39
22 35
30 46
1 23
27 34
10 11
22 43
18 34
29 44
25 39
12 24
6 44
36 46
22 34
0 13
12 45
3 41
6 14
23 41
35 42
13 44
14 37
16 47
21 24
4 46
0 46
6 34
6 39
7 13
10 37
26 27
35 45
3 42
30 43
35 43
39 42
16 39
26 42
32 43
25 37
5 35
16 45
3 45
27 42
39 40
9 35
2 46
38 39
8 40
14 42
10 46
3 44
27 46
6 45
29 45
8 39
31 42
24 40
21 41
25 45
29 34
6 23
6 13

135
4 15
26 44
17 39
2 43
27 45
32 46
21 43
32 39
1 37
33 41
16 41
21 34
13 14
11 42
21 39
8 13
16 29
5 15
19 20
8 39
17 42
33 45
6 41
28 44
13 39
5 34
12 34
6 35
14 46
23 39
11 45
9 12
6 40
14 23
30 42
17 44
0 13
23 24
32 37
12 46
26 46
24 37
10 24
19 37
16 30
38 39
16 31
25 42
24 40
14 15
31 40
34 45
17 40
11 39
0 35
2 37
5 7
2 40
24 34
33 44
24 42
16 37
36 44
17 37
1 41
1 35
6 13
13 41
27 32
26 40
8 43
21 23
6 45
36 40
12 37
2 7
19 35
25 37
4 40
30 35
30 37
5 13
12 41
7 39
4 14
11 40
23 45
10 37
37 44
8 37
22 41
33 34
2 13
13 45
5 42
3 24
2 46
6 34
18 37
35 44
4 10
7 45
28 46
22 24
9 41
12 15
38 46
21 46
0 43
18 45
22 42
16 47
13 37
17 36
29 35
26 42
16 23
10 15
25 45
37 45
15 40
0 12
5 35
11 46
6 14
18 35
24 39
13 40
32 35
4 44
34 39
23 35
11 37
28 39
23 43


135
18 39
22 39
27 44
29 40
21 34
16 42
6 39
1 41
31 39
5 13
4 45
5 37
16 39
0 47
5 40
0 35
1 40
7 39
27 37
14 40
13 14
31 37
18 45
0 4
5 46
23 43
5 39
3 35
1 15
26 42
12 40
38 44
16 45
1 14
1 39
25 40
1 4
32 45
19 40
28 35
16 34
23 39
5 43
9 45
4 10
22 44
21 24
1 37
30 40
24 37
4 34
7 24
26 40
30 41
6 14
25 44
21 40
38 40
23 42
1 44
14 24
6 37
19 44
31 43
10 11
11 42
24 34
3 15
35 45
19 20
27 40
24 35
0 42
7 43
38 45
13 44
4 7
10 37
2 11
30 43
21 37
1 42
33 37
34 46
33 43
5 9
0 44
12 23
34 41
18 44
22 43
30 35
26 46
0 9
22 23
5 44
16 18
12 14
33 42
25 45
7 37
3 41
18 47
16 41
0 45
5 12
28 39
32 37
23 35
28 40
0 39
3 14
34 45
13 34
28 43
13 43
2 41
18 40
7 44
11 35
22 34
4 43
31 45
1 2
36 40
25 34
5 24
10 34
26 27
16 24
30 31
5 14
2 40
34 40
9 11

135
5 12
33 41
28 35
15 40
19 38
28 37
34 39
13 43
24 40
9 39
27 40
3 42
5 9
16 30
9 37
13 35
36 45
30 41
27 39
5 43
9 40
28 32
9 45
10 44
30 37
22 46
28 31
23 43
22 45
8 43
31 46
30 43
29 35
9 34
30 44
11 43
5 14
22 34
29 31
25 46
14 41
24 46
5 34
31 37
24 34
4 15
1 34
21 42
0 47
17 34
3 35
5 6
9 43
7 34
23 35
18 44
30 40
12 43
27 34
9 41
2 43
24 37
18 47
3 45
1 23
1 24
9 46
3 46
12 35
29 34
32 39
10 11
11 23
25 41
26 35
12 23
18 35
12 15
2 40
1 41
17 18
2 13
13 34
3 23
13 39
13 14
19 37
2 35
11 37
10 23
17 40
4 35
2 15
31 45
19 44
24 42
16 40
0 9
5 40
5 42
31 39
37 45
7 37
33 40
32 34
16 22
16 24
8 44
7 41
26 39
8 24
1 37
1 13
2 41
27 35
0 18
9 12
12 40
18 42
5 46
17 45
26 40
29 44
30 46
5 13
2 23
31 41
12 34
16 23
6 45
17 39
10 34
9 14
5 23
1 10


135
18 39
0 18
18 45
32 41
35 45
31 45
11 45
10 40
10 11
28 35
8 40
6 42
13 40
5 45
25 37
24 39
28 44
8 39
4 15
2 39
2 37
37 39
9 13
4 24
27 42
30 46
24 37
7 24
31 42
0 9
2 23
23 45
17 47
5 37
7 15
11 23
8 9
8 24
4 11
30 32
28 39
30 41
26 43
32 42
0 11
2 40
23 44
8 42
31 32
6 40
22 41
3 46
29 32
11 42
6 45
19 33
10 45
1 40
5 15
10 39
10 14
18 37
8 37
12 46
31 37
13 46
9 45
16 37
27 46
12 43
29 30
26 41
22 24
36 47
8 12
23 34
27 44
0 35
1 4
5 35
28 46
13 15
0 13
11 15
19 45
21 44
29 45
28 40
23 46
4 35
16 42
5 46
14 40
38 46
9 39
16 41
28 41
8 46
33 46
31 44
17 37
11 37
3 40
29 35
13 43
18 42
13 39
0 42
8 41
1 37
22 40
10 42
8 23
9 15
17 46
35 42
22 42
36 39
25 32
3 41
23 35
31 39
27 37
1 46
14 24
17 35
1 43
35 43
14 45
14 39
37 44
36 46
11 39
4 40
36 40


270
12 39
9 23
28 34
31 45
31 44
22 34
35 45
38 42
32 39
24 39
22 39
2 7
1 3
16 41
29 42
33 43
6 43
23 37
3 39
9 15
16 31
31 43
4 43
9 13
19 43
4 46
1 41
24 34
6 13
37 42
1 45
8 46
7 44
5 46
24 43
8 42
22 40
2 15
32 45
19 40
29 41
10 41
21 41
19 38
28 45
9 24
34 45
0 15
22 46
16 46
13 40
16 23
8 12
8 39
9 46
25 41
3 15
2 40
10 39
2 43
0 6
32 42
14 45
30 34
12 45
36 44
4 34
8 34
33 37
24 44
17 39
16 35
12 13
5 6
18 42
14 40
14 35
9 40
36 42
36 41
1 2
1 7
25 27
24 41
16 42
2 45
36 40
3 7
34 43
11 15
36 46
2 11
9 39
0 3
3 44
6 24
10 11
4 37
9 12
10 24
5 35
30 46
12 23
31 35
17 18
8 11
11 46
18 37
22 42
16 32
23 41
18 35
3 10
37 40
18 41
18 40
7 46
32 35
1 11
25 45
12 46
5 15
8 37
30 45
0 23
19 37
6 15
18 44
31 40
1 10
5 23
23 45
7 34
7 15
13 39
3 40
0 40
26 46
33 41
1 13
10 40
30 41
1 37
1 34
32 44
13 35
1 44
10 14
34 39
21 34
17 42
23 40
1 23
4 11
12 34
28 31
26 43
21 43
10 43
5 11
27 46
10 15
9 11
4 44
14 42
25 46
1 24
10 23
17 37
5 39
37 39
2 24
25 44
38 45
7 14
0 4
25 40
21 44
31 42
3 13
32 37
7 42
17 35
5 40
5 13
14 34
27 32
24 35
14 43
13 45
3 11
11 37
21 39
18 47
7 23
26 40
34 42
1 46
19 42
19 35
25 37
11 14
22 37
4 14
4 35
3 46
17 46
29 35
37 41
6 46
13 23
26 37
34 40
19 34
3 42
33 39
36 39
19 45
12 24
13 43
29 46
5 43
2 13
0 24
16 45
3 43
6 44
5 9
12 37
31 41
12 15
9 14
0 17
28 32
8 9
27 37
0 34
8 41
9 37
0 41
33 34
2 14
2 23
30 40
19 41
25 43
35 42
19 20
11 23
4 7
9 35
26 35
0 45
27 35
13 15
6 35
30 44
5 45
17 34
32 40
1 42
21 42
14 23
26 32
9 44
4 24
33 35
4 42
8 13
16 30

270
31 45
16 29
35 39
2 39
25 44
37 46
9 39
15 40
9 12
36 47
27 32
30 43
17 37
2 10
21 37
5 12
6 46
4 14
27 40
16 41
1 23
3 40
1 35
8 45
0 39
22 43
28 42
7 39
8 37
23 41
31 40
11 44
12 24
10 34
28 39
6 35
19 38
6 34
36 37
11 41
9 46
1 3
2 7
18 37
2 35
30 34
17 35
2 13
21 45
28 35
4 11
16 24
10 45
18 40
29 31
7 14
0 35
9 34
5 37
9 13
22 39
25 40
12 13
24 43
8 44
7 37
12 40
3 44
21 43
30 46
5 46
28 34
29 35
28 43
9 14
19 41
33 46
26 37
37 42
34 46
8 14
12 46
19 34
27 35
37 40
32 40
10 42
4 23
9 42
8 35
14 37
4 44
8 11
9 24
27 34
2 34
16 42
6 14
30 35
10 23
12 14
14 40
36 44
9 37
6 13
19 37
4 43
14 39
5 40
32 42
19 35
19 46
22 23
24 41
11 39
33 45
22 40
19 42
2 46
2 37
4 13
0 41
1 2
33 41
12 15
31 44
26 45
6 15
17 42
19 39
13 39
3 46
2 42
4 46
18 45
3 43
0 43
31 37
16 39
23 42
9 41
4 41
2 14
14 34
25 41
0 23
32 43
13 23
1 4
3 13
27 46
17 36
19 33
33 34
7 45
8 9
27 42
33 35
0 3
5 44
16 31
29 42
10 24
30 37
36 42
26 40
21 46
32 46
30 42
36 45
5 9
14 45
34 40
18 47
19 40
32 44
9 15
4 37
14 41
34 44
27 45
10 41
23 35
12 37
21 34
30 40
24 46
33 39
2 3
3 37
7 15
29 41
2 44
5 39
22 46
4 39
13 40
27 39
1 43
34 35
3 41
14 44
1 13
36 46
26 42
24 37
6 42
17 46
0 15
16 46
17 40
18 43
25 37
13 37
26 41
31 35
2 15
1 15
28 41
34 43
31 42
0 14
14 46
31 43
12 45
29 30
12 44
26 43
32 45
1 42
17 34
8 13
11 35
24 34
23 44
30 44
22 41
38 39
23 37
7 43
24 35
12 39
31 46
12 42
25 27
23 40
3 42
22 35
3 39
13 34
6 24
6 7
38 46
5 6
29 40
36 41
18 35
33 43
16 47
28 44
17 47
5 24
1 7
27 41
3 34
0 24
2 40
16 37
23 39
25 35


270
35 44
33 45
16 18
24 44
18 34
21 46
7 44
19 46
31 37
36 46
31 34
4 39
10 11
16 37
2 3
22 40
11 39
3 46
7 24
37 40
2 15
10 39
9 15
27 32
8 14
34 41
24 42
30 41
11 43
30 44
13 44
22 23
5 24
0 23
6 13
4 44
8 44
26 27
11 37
16 39
22 35
1 10
1 4
14 15
5 37
34 46
23 37
1 44
8 15
26 37
9 24
6 7
31 43
37 41
22 39
5 12
38 42
26 39
17 47
3 43
17 46
11 41
2 13
0 24
11 24
1 11
14 45
29 45
36 47
5 9
2 11
8 42
18 43
19 44
21 37
24 34
0 45
7 14
9 40
11 42
2 7
22 46
14 37
2 44
10 35
3 40
5 44
5 40
19 37
14 35
18 44
25 41
22 34
0 6
12 24
16 30
0 13
0 44
14 44
16 29
10 15
6 42
17 36
22 37
1 14
38 44
6 23
19 39
21 39
16 45
9 39
31 46
4 40
9 43
10 44
30 37
28 37
6 15
8 46
11 34
3 44
29 32
0 43
4 45
36 42
17 43
20 40
8 34
4 10
29 44
9 34
29 46
11 46
31 32
3 13
28 40
13 45
0 14
21 23
12 40
1 35
36 45
4 15
8 35
18 39
10 46
18 35
0 42
13 39
5 43
12 14
12 13
17 34
7 41
33 39
1 23
6 44
5 45
9 35
19 40
2 41
29 41
21 41
16 44
18 45
13 43
14 43
31 41
25 34
21 40
9 45
19 34
26 44
27 40
6 39
0 39
12 42
18 46
21 45
31 40
36 41
13 35
4 11
16 42
31 44
26 45
37 46
0 7
34 37
23 39
36 40
7 45
10 41
4 35
9 23
3 34
38 40
24 40
10 37
38 45
10 24
25 43
13 15
30 35
13 46
25 45
1 3
32 44
29 30
14 34
16 34
19 35
23 35
39 42
30 45
5 39
30 34
24 45
3 45
8 23
27 44
15 40
9 46
11 15
30 40
22 44
1 34
12 46
10 34
8 40
3 7
0 4
23 34
22 42
4 14
27 43
27 35
8 13
31 45
14 23
23 40
16 35
35 45
1 40
1 43
35 40
1 13
32 37
14 42
2 42
28 46
3 11
4 24
21 42
27 37
2 39
5 13
17 40
5 6
2 14
10 45
9 14
22 24
32 45
4 41
25 44
7 15
1 42
0 3
0 17


270
25 40
26 37
3 15
8 14
8 40
8 37
2 35
29 37
33 41
38 44
12 14
2 37
0 44
22 46
31 34
11 46
5 35
34 37
9 37
6 45
27 44
0 11
27 46
10 39
16 45
27 35
12 35
10 34
21 40
10 41
6 15
22 23
30 41
4 14
21 41
18 46
17 45
16 24
25 44
29 30
28 44
34 39
3 35
7 14
0 34
8 46
32 46
27 37
7 41
24 35
9 12
16 41
0 39
1 39
37 41
26 39
36 40
16 43
28 37
18 39
16 32
15 40
11 14
33 45
38 46
36 37
34 45
2 40
6 42
21 34
23 41
1 10
9 14
6 7
4 45
5 41
26 42
9 39
8 41
34 40
27 45
22 40
22 45
19 40
2 41
5 7
8 34
10 42
17 42
39 40
16 44
29 44
9 40
22 44
4 13
14 37
24 37
34 46
16 40
24 44
4 43
29 46
18 47
5 24
13 23
18 41
0 7
37 46
5 43
11 44
10 23
34 35
27 34
29 43
17 40
8 13
11 39
14 34
13 15
14 39
19 20
0 15
6 23
0 3
1 41
13 39
36 44
12 43
13 45
6 46
6 44
28 46
33 39
5 45
5 34
1 13
28 31
19 37
14 15
25 32
0 4
2 7
7 34
8 12
2 24
3 7
10 15
9 13
3 45
33 40
26 46
10 46
32 41
0 13
1 24
13 37
17 44
17 34
21 35
7 23
5 14
34 41
5 46
17 39
17 43
27 40
3 40
26 35
35 44
10 45
12 34
37 42
33 44
29 35
10 40
29 39
24 46
17 41
2 3
18 34
2 13
14 41
38 42
7 44
5 15
32 40
12 15
6 40
3 10
3 43
14 23
23 34
25 43
29 34
13 24
2 44
0 12
11 45
23 46
24 43
29 32
10 44
5 42
21 43
0 42
29 40
21 23
21 39
29 31
19 38
13 14
9 43
26 40
9 23
35 39
30 40
10 43
36 39
22 41
31 41
17 18
19 42
4 11
14 35
39 42
1 46
8 45
2 11
4 39
7 40
7 37
0 46
3 23
13 44
7 24
9 41
31 42
22 35
8 44
30 34
1 43
19 46
4 42
6 39
11 34
25 41
6 41
27 41
27 39
10 24
34 42
4 7
0 40
3 44
12 42
9 44
8 15
16 30
9 35
12 41
21 37
0 47
21 42
28 40
16 35
16 29
25 45
11 35
30 37
24 42


270
25 42
21 46
7 42
5 44
4 39
33 43
30 35
8 45
32 41
34 37
32 43
14 37
28 46
14 23
10 23
2 43
30 37
22 45
27 40
38 39
0 47
18 46
16 42
3 43
36 41
5 13
0 17
16 43
3 34
26 45
5 9
18 45
13 46
7 13
36 39
10 46
22 43
0 46
31 44
10 42
6 40
2 45
23 40
6 43
6 39
16 18
8 34
30 46
30 39
8 14
30 34
25 27
5 6
28 34
23 39
27 32
1 42
3 46
5 12
3 10
26 42
10 15
7 34
17 43
1 41
29 37
10 43
11 42
37 39
37 40
19 35
12 15
11 24
9 13
8 43
16 41
23 41
27 42
25 43
2 42
23 35
28 35
5 24
18 39
1 4
21 44
33 42
29 44
34 39
10 39
39 42
6 37
19 46
9 23
36 46
38 46
16 23
23 44
5 45
0 40
34 45
12 44
24 35
8 12
3 11
4 37
5 34
37 44
29 40
0 39
31 40
31 34
26 43
29 35
32 44
36 47
26 37
27 34
21 40
9 46
26 44
12 43
2 40
22 34
34 46
7 14
8 35
23 46
4 41
13 40
0 9
8 40
15 40
9 43
1 7
0 24
16 22
12 41
9 44
30 42
12 35
2 13
7 39
3 42
28 45
28 37
22 44
27 35
13 43
2 11
1 11
9 42
33 41
19 41
0 15
12 14
4 40
7 40
19 44
12 40
19 40
16 29
33 34
18 34
33 46
23 45
26 32
23 24
26 41
26 35
6 13
31 32
13 34
33 37
17 34
21 34
1 43
7 35
26 27
0 6
1 40
11 15
12 39
35 40
17 47
14 15
29 45
24 37
23 34
18 41
16 39
6 15
34 35
14 35
24 44
2 35
18 44
30 31
1 34
0 11
30 40
28 42
0 13
32 45
9 11
4 34
2 44
0 42
22 40
29 39
9 12
6 42
7 45
8 13
21 45
10 24
38 44
31 41
5 23
4 42
4 23
13 35
10 35
2 14
25 35
5 39
14 39
37 46
36 44
7 46
3 45
37 42
7 23
37 45
8 37
0 43
11 39
8 24
0 4
22 46
14 46
24 45
3 24
6 23
35 46
29 30
13 37
33 45
17 37
11 40
30 32
18 37
4 15
22 23
29 31
14 43
9 35
4 35
17 18
5 11
13 24
0 23
35 43
20 40
12 42
24 42
14 40
12 24
1 37
27 39


539
37 42
32 44
19 35
5 41
4 15
17 18
2 39
30 41
7 39
0 41
26 44
16 18
1 45
0 23
30 44
36 44
3 15
9 40
16 47
2 45
24 39
22 23
2 23
8 15
31 45
11 24
3 34
24 34
5 45
2 35
29 37
12 34
37 39
23 24
25 43
13 39
3 45
18 45
6 7
35 44
22 24
33 45
3 42
2 40
3 44
12 13
1 46
26 40
14 46
14 39
37 44
3 13
33 43
5 12
9 35
4 46
18 43
30 45
35 46
3 37
8 44
30 43
11 43
38 39
16 37
7 13
9 24
29 39
17 37
9 37
6 44
0 37
17 47
17 36
38 44
1 34
31 41
10 35
7 34
31 37
29 43
11 23
0 39
30 31
13 45
8 39
6 39
28 31
19 37
8 34
6 13
22 40
26 43
35 42
5 46
16 24
9 46
27 35
31 39
32 45
12 24
5 13
6 43
14 43
27 41
7 24
8 24
0 17
36 39
28 45
4 34
12 44
4 10
19 40
9 41
11 42
11 40
27 40
5 37
0 10
1 15
2 13
1 7
16 35
7 46
6 24
16 45
31 35
17 35
7 35
38 46
9 11
1 37
7 41
13 15
18 40
25 40
1 42
13 44
7 43
29 45
10 43
25 45
17 43
0 15
1 23
2 10
21 37
9 42
4 43
7 44
26 39
13 43
21 45
3 41
22 34
24 41
16 29
26 42
9 34
17 34
35 43
21 24
23 35
29 30
10 24
9 44
5 34
10 37
30 39
13 35
36 45
4 11
31 46
32 41
32 34
0 45
22 43
27 39
26 27
28 42
33 41
13 37
8 41
23 43
34 37
31 32
24 43
23 45
34 39
23 41
33 37
31 43
23 37
38 42
34 43
0 14
18 41
7 23
17 45
32 43
13 41
27 44
4 37
7 37
0 34
27 43
1 3
2 34
32 37
27 32
21 35
12 40
27 45
22 41
22 45
35 39
28 35
5 7
10 42
5 23
10 45
26 32
5 42
36 37
27 37
10 46
39 42
16 46
22 42
11 39
6 45
4 24
2 11
33 34
16 34
2 44
21 42
3 43
4 45
18 35
19 38
27 46
1 39
8 40
21 39
25 32
2 42
31 40
10 39
17 40
24 40
9 43
8 14
28 44
11 45
7 15
34 41
11 46
22 39
1 11
12 41
36 47
2 46
16 42
14 15
3 11
34 35
30 32
7 45
4 23
18 39
5 40
28 39
25 46
12 45
32 46
32 35
35 40
8 37
25 39
12 14
0 47
14 35
2 3
35 45
22 35
16 31
23 44
0 12
14 23
33 42
11 14
5 14
5 24
10 23
5 6
1 40
21 41
5 44
8 23
8 42
17 46
21 44
8 11
1 41
2 14
34 45
3 39
16 43
3 24
19 39
10 34
3 23
13 23
33 40
10 44
38 45
21 34
3 40
18 42
24 35
12 15
29 32
10 11
23 39
1 4
0 3
19 45
21 40
14 34
1 35
19 44
26 45
18 37
6 35
1 10
21 46
34 46
0 43
29 44
29 42
3 35
12 23
17 41
19 42
2 24
24 46
0 6
6 41
4 35
4 13
13 34
9 45
29 40
4 42
17 39
37 46
9 23
16 44
37 45
0 40
28 40
4 7
16 30
24 42
8 45
26 35
34 42
19 46
5 15
31 42
3 7
14 42
26 34
13 40
5 9
6 37
0 46
0 24
26 46
33 39
14 24
14 44
30 37
14 41
4 44
8 9
23 42
11 35
18 46
5 35
29 46
19 20
1 44
19 43
39 40
23 46
18 44
6 23
30 34
30 35
8 13
0 7
13 42
28 41
27 34
18 47
2 41
29 35
16 23
29 34
10 40
13 14
2 43
24 37
3 46
6 46
9 13
1 2
8 35
2 7
12 35
26 37
16 32
28 43
28 32
24 44
30 46
8 12
0 4
6 14
5 43
32 40
25 35
12 43
7 40
11 37
0 18
1 13
28 37
27 42
9 15
33 35
22 37
0 11
30 42
36 42
1 14
6 15
28 46
19 34
23 40
7 42
36 41
8 43
29 31
36 40
16 22
32 42
14 45
11 44
9 14
28 34
16 40
0 9
33 44
33 46
11 34
14 37
1 43
6 42
25 34
22 46
9 39
13 24
21 43
25 37
0 35
7 14
12 37
13 46
0 44
23 34
4 14
10 15
12 42
8 46
1 24
34 44
38 40
10 14
37 41
31 34
12 46
6 40
0 13
16 41
24 45
25 27
30 40
5 39
31 44
19 41
3 10
25 41
21 23
9 12
12 39
2 15
18 34
25 42
22 44
17 42
4 40
15 40
4 41
34 40
11 41
25 44
17 44
19 33
36 46
6 34
4 39
0 36
16 39
32 39
10 41
0 42
2 37
37 40
29 41
26 41
14 40
20 40
3 14
11 15
5 11
