0%:

0


1%:

1
0 8

1
17 7

1
11 3

1
11 18

1
1 7




5%:

4
0 9
17 8
3 9
16 8

4
0 7
19 13
16 2
19 5

4
0 9
11 2
0 16
17 5

4
17 8
5 12
17 3
11 4

4
11 18
17 9
11 19
17 5




10%:

7
0 16
19 5
17 12
0 8
0 10
11 17
11 12


7
18 4
0 11
17 12
0 19
3 9
0 12
0 3

7
1 7
11 9
0 19
5 12
16 1
0 9
15 7

7
16 1
17 4
14 6
0 11
17 2
4 10
15 1

7
0 13
0 10
0 19
0 8
15 1
0 12
0 3




25%:

16
11 13
11 12
0 7
0 17
5 12
2 8
0 19
17 9
11 17
11 4
11 2
17 4
16 8
0 12
11 8
11 19


16
11 17
11 15
0 19
17 4
0 13
2 8
15 7
11 4
17 5
19 12
0 4
11 13
0 17
16 8
11 7
2 7


16
0 8
15 1
0 19
0 13
16 8
11 13
0 10
11 2
11 5
5 12
11 19
11 18
11 10
11 4
11 16
19 12


16
19 13
0 4
1 7
0 10
11 3
11 19
11 12
17 9
17 3
0 11
16 7
0 6
14 6
0 2
16 1
0 16

16
0 18
0 7
14 6
11 10
0 17
11 1
17 4
5 12
11 15
15 1
16 7
16 2
4 10
17 3
0 1
11 12
