0

7
2 7
11 7
16 1
0 9
0 7
11 6
0 8

16
19 12
15 7
0 13
0 12
0 7
4 10
11 3
11 2
11 18
11 9
17 9
11 4
17 12
17 5
0 10
17 4

32
19 12
17 9
17 3
0 3
11 5
0 18
11 3
11 13
0 16
4 10
11 15
0 10
0 2
11 1
11 14
2 7
5 12
18 10
0 9
11 10
0 12
11 8
0 1
16 2
14 6
19 13
17 4
15 7
11 2
0 8
0 5
0 14


64
19 5
16 7
11 4
11 7
4 10
11 14
17 8
0 16
11 5
17 4
17 3
0 15
0 17
11 8
11 17
17 7
11 3
17 10
14 6
11 12
1 7
0 14
5 12
17 2
11 9
3 9
0 1
15 1
0 11
16 2
11 16
2 7
0 10
11 18
16 8
0 7
2 8
11 15
0 6
0 18
0 9
18 4
17 5
19 12
0 13
0 19
11 19
17 12
0 12
0 8
17 9
11 1
19 13
0 2
11 13
15 7
11 6
11 2
0 3
18 10
0 5
16 1
11 10
0 4
