0
17
2 17
2 4
18 14
11 25
8 20
1 21
11 22
11 19
3 11
2 20
3 19
1 25
8 5
1 8
1 3
1 16
2 3
17
1 8
11 19
2 20
1 16
1 24
4 19
3 5
1 21
7 20
12 5
2 7
10 7
4 20
10 22
14 19
13 12
1 12
17
11 14
6 19
12 25
13 22
7 20
12 19
8 23
18 15
4 14
9 20
3 17
4 7
10 20
1 19
1 8
1 26
2 16
17
1 0
4 20
7 20
8 15
11 20
3 12
13 25
10 22
2 4
3 19
12 20
2 12
2 9
9 14
2 5
10 7
6 23
17
13 20
2 24
3 18
2 17
4 24
1 3
4 7
2 4
1 14
23 22
10 14
2 7
4 5
11 7
9 5
9 20
10 19
42
24 23
4 20
1 16
3 14
2 16
8 19
3 6
3 24
6 19
1 26
15 19
1 24
17 14
4 16
4 6
3 12
10 22
10 19
2 9
11 14
3 4
18 19
4 11
1 17
3 19
12 19
13 25
13 12
6 22
1 4
2 11
7 19
13 14
11 25
3 13
12 5
24 22
2 18
8 22
16 15
3 9
23 22
42
13 26
18 15
5 19
4 5
4 15
4 20
9 5
3 17
20 19
1 23
7 14
4 19
12 20
1 18
1 3
2 19
2 22
2 14
24 23
12 25
18 19
7 20
10 22
1 11
12 26
2 24
6 22
15 14
10 15
2 17
3 14
3 6
2 20
1 19
13 19
3 5
2 25
14 19
8 5
4 23
2 23
1 5
42
11 20
4 20
2 6
10 7
1 4
10 14
1 14
8 24
8 5
3 26
6 23
2 18
12 26
1 18
3 17
13 19
12 14
10 5
13 9
3 4
3 22
7 25
11 14
2 5
2 0
4 22
18 15
4 6
2 22
2 17
7 22
8 6
8 16
16 15
2 14
2 23
5 14
4 7
17 19
11 22
12 5
1 25
42
10 16
11 14
8 5
4 20
1 16
4 23
8 16
3 22
1 21
16 15
12 7
2 18
8 24
1 18
1 13
3 14
3 17
3 19
10 19
12 25
4 5
1 11
8 11
3 4
1 23
9 20
18 15
13 20
2 6
8 22
7 14
13 14
6 23
3 16
10 14
3 20
10 15
5 19
3 24
10 5
3 5
1 6
42
8 15
13 19
12 5
8 25
9 25
11 7
13 9
6 22
9 5
1 17
1 20
1 3
3 17
9 22
1 24
3 13
12 22
3 15
3 19
8 14
7 22
8 11
18 19
10 15
18 14
24 22
1 13
2 17
3 8
2 25
3 6
7 19
20 19
3 24
4 14
7 14
12 19
6 19
1 22
3 9
10 22
8 7
84
4 11
1 14
12 22
3 5
13 19
12 20
2 25
1 4
1 21
6 14
4 15
3 20
1 17
12 9
13 22
8 23
4 23
9 25
7 20
3 25
7 25
4 16
11 14
10 15
2 14
15 14
2 22
13 26
11 7
12 26
6 22
1 8
3 7
8 19
2 21
16 14
8 16
3 9
3 26
2 11
24 22
7 5
17 14
2 13
2 5
10 14
9 14
1 12
17 19
2 16
3 23
2 15
4 25
4 24
6 23
2 23
7 14
11 19
1 13
13 14
8 15
10 22
1 11
3 4
6 5
4 20
10 7
10 5
2 9
2 6
9 19
10 19
3 19
9 22
1 25
16 19
11 5
17 15
1 26
3 11
1 20
10 25
3 8
8 6
84
2 22
17 15
3 18
2 12
7 20
12 22
3 15
20 19
8 19
5 14
2 6
1 8
2 24
4 6
3 17
9 14
2 4
18 19
2 11
2 26
11 20
3 19
15 14
8 5
12 9
12 5
1 19
8 16
12 19
4 20
8 7
3 23
6 22
1 4
1 12
1 22
13 14
18 14
7 25
1 7
3 5
2 5
4 23
1 20
13 26
11 25
3 4
12 25
10 16
2 9
3 9
6 23
9 7
13 22
2 13
2 18
11 7
12 14
3 20
4 14
12 7
1 15
13 7
8 23
3 6
1 2
2 20
1 16
10 20
9 22
7 5
15 19
2 25
3 25
2 15
9 20
16 15
8 25
14 19
3 22
6 20
11 19
8 22
4 11
84
1 24
15 14
2 13
13 19
8 16
8 6
3 16
3 7
12 26
4 5
1 11
1 21
2 19
7 22
13 20
23 22
2 11
2 0
10 16
12 9
6 19
4 24
2 24
7 5
13 14
6 22
2 25
3 20
8 7
17 14
2 20
9 5
8 14
16 15
11 25
1 20
4 22
18 15
2 12
4 6
3 5
1 2
20 19
13 22
8 5
4 14
1 6
1 23
3 17
12 7
24 22
7 25
3 18
3 6
1 17
4 16
16 14
3 25
1 18
14 19
11 20
5 14
16 19
9 20
10 14
10 25
8 15
4 20
4 7
17 15
1 5
12 14
15 19
2 5
12 20
2 4
10 20
11 19
2 16
1 9
6 23
3 12
6 5
10 15
84
13 26
3 8
2 22
2 5
10 19
3 15
11 20
6 22
2 20
8 15
2 26
12 20
2 24
2 21
13 14
8 6
10 22
1 4
1 18
12 5
6 19
1 23
2 18
8 20
8 14
13 9
3 12
6 14
5 19
3 5
1 22
4 23
10 14
13 19
11 7
8 23
8 24
12 7
1 21
16 19
8 5
9 20
1 16
15 19
3 19
16 14
3 16
6 5
2 15
13 12
8 16
3 23
1 7
10 15
11 5
4 16
3 7
12 22
15 14
1 5
1 24
3 4
8 25
2 9
1 14
1 12
1 15
9 14
4 6
3 20
20 19
7 14
5 14
2 23
1 11
11 22
10 5
10 7
17 15
1 25
3 22
3 11
1 20
9 5
84
12 7
16 14
1 9
2 4
10 5
4 11
20 19
3 15
11 22
1 13
3 11
12 9
3 16
11 7
1 12
3 22
12 19
8 23
8 6
10 25
9 25
13 22
1 8
12 26
14 19
2 21
1 6
8 14
2 19
13 19
10 15
8 24
10 7
4 25
8 11
3 19
18 15
2 24
2 17
7 20
1 15
15 14
2 11
7 22
6 5
1 4
11 19
9 5
4 14
10 22
4 24
4 7
15 19
2 12
24 23
17 15
11 5
3 12
1 17
6 14
2 15
18 14
6 23
4 16
10 16
13 12
8 7
6 19
3 17
1 16
1 5
4 15
11 25
1 22
3 8
16 19
13 26
17 19
9 14
13 5
3 18
1 25
3 25
12 5
168
2 4
4 19
15 19
8 6
11 20
23 22
2 17
12 20
10 15
6 23
13 14
11 25
4 24
9 22
1 15
1 18
3 9
8 20
8 24
1 4
2 22
6 22
1 6
3 20
1 7
3 14
10 19
2 14
2 19
11 5
2 21
8 16
1 8
7 20
17 15
3 24
4 7
15 14
3 12
1 19
16 14
1 21
12 22
3 6
3 8
1 13
3 5
10 14
1 17
1 5
8 23
2 5
13 25
4 16
9 14
17 14
12 5
8 11
10 7
8 7
9 7
16 15
4 14
1 2
4 22
2 9
2 11
13 19
2 0
2 13
4 11
4 23
13 20
1 23
24 22
14 19
2 12
1 11
4 20
12 7
13 9
3 15
9 5
1 3
18 15
1 26
2 23
13 26
6 5
6 20
8 14
13 22
1 9
6 19
3 17
3 11
1 0
9 25
10 25
11 7
2 20
8 25
3 23
24 23
13 7
10 20
18 14
20 19
7 14
1 16
3 4
2 7
11 19
2 6
3 18
9 19
5 14
3 19
12 9
3 13
7 25
1 24
1 20
2 25
2 16
12 25
2 3
4 6
6 14
1 12
11 14
11 22
3 16
5 19
4 5
2 26
2 18
18 19
4 15
7 19
3 26
1 14
8 19
2 15
13 5
17 19
8 22
7 22
1 22
2 24
13 12
3 7
3 25
16 19
10 22
12 19
12 26
9 20
3 22
10 16
8 5
7 5
1 25
12 14
8 15
10 5
2 8
4 25
