0
29
4 19
18 17
17 29
5 4
23 34
26 27
0 34
5 20
24 20
11 27
11 20
33 34
5 0
12 20
23 20
11 13
17 34
18 14
18 24
7 19
16 23
4 7
26 13
12 13
11 18
27 18
12 17
11 7
17 20
29
20 34
5 18
17 19
28 18
16 13
32 24
32 20
27 17
16 29
26 13
22 20
2 7
16 23
26 20
23 34
26 12
2 1
4 8
5 14
26 19
12 11
10 23
15 14
26 14
25 18
5 8
3 17
32 19
23 20
29
18 23
9 13
10 23
4 34
31 8
27 19
31 20
6 1
16 14
17 14
3 7
25 24
4 8
14 34
25 23
31 7
6 27
32 19
29 24
29 23
11 14
6 23
5 20
32 29
33 24
12 7
3 17
6 34
26 11
29
25 23
21 20
28 13
12 18
16 20
28 20
4 7
11 24
12 20
15 13
9 8
7 13
26 34
3 13
12 27
16 29
4 14
29 19
32 29
6 13
5 12
24 23
29 20
3 29
5 19
2 34
7 19
3 7
25 7
29
26 20
18 20
30 20
11 24
4 29
12 27
29 23
28 14
30 23
29 19
12 14
21 34
26 29
4 18
31 19
18 23
4 14
6 24
27 18
16 23
1 13
32 29
10 29
33 24
32 20
10 20
26 23
25 17
25 34
71
25 24
6 34
8 13
16 20
5 14
30 23
29 19
8 7
8 19
1 13
15 19
10 14
12 18
0 13
26 7
9 19
27 34
25 29
3 24
4 34
3 13
25 7
16 29
4 13
28 23
16 24
28 18
26 14
5 12
6 25
17 19
17 14
5 25
12 20
33 20
31 25
6 4
25 12
18 13
30 24
25 8
17 34
25 20
26 12
12 7
32 34
28 17
11 29
31 11
10 23
6 7
32 20
16 19
27 13
6 0
32 24
5 11
2 34
5 20
22 19
11 19
31 14
6 11
31 27
18 20
20 34
26 23
0 19
4 20
5 27
6 14
71
25 24
3 29
33 29
26 12
31 20
6 34
25 11
5 23
18 17
4 20
4 13
11 14
3 27
24 23
10 23
12 24
3 25
11 34
15 19
4 14
3 0
8 13
1 19
23 19
6 7
2 13
5 18
12 11
5 24
6 18
26 14
5 34
30 24
11 24
4 1
16 29
12 29
32 19
32 27
31 29
30 34
12 19
27 24
28 24
5 27
9 8
15 14
9 34
33 34
4 12
4 17
7 19
12 13
31 24
21 20
3 8
11 18
7 13
5 17
28 23
3 18
16 19
13 34
29 20
32 34
4 25
2 19
2 7
11 27
12 23
31 19
71
4 34
3 25
10 34
10 14
3 1
26 20
5 27
5 25
28 20
26 18
3 13
10 20
4 29
33 20
18 19
20 34
26 34
28 29
31 13
32 13
30 34
6 13
5 24
31 20
27 23
25 8
1 13
12 20
11 34
16 24
26 13
4 19
32 18
16 29
22 19
28 24
12 13
27 14
17 14
17 29
12 11
3 14
26 17
29 23
25 18
6 14
3 11
2 13
3 0
28 18
5 20
33 34
12 18
25 13
3 27
7 19
6 19
18 13
15 19
10 13
10 27
12 7
25 12
18 23
12 23
25 23
10 19
17 23
14 34
30 23
20 19
71
31 34
5 11
18 20
3 23
10 27
11 19
29 24
11 27
31 18
7 34
18 34
12 17
8 13
5 13
3 19
32 27
5 19
11 29
25 27
5 25
12 14
6 8
28 34
5 17
30 34
16 20
5 14
11 24
8 7
30 24
32 20
17 24
26 20
3 7
18 13
10 19
26 19
27 23
10 24
3 0
18 23
27 29
31 29
21 20
12 18
30 23
27 17
23 19
2 13
2 0
4 7
1 19
15 13
10 14
4 8
31 24
25 7
32 13
6 4
25 8
4 23
12 29
6 24
8 19
17 23
17 19
16 24
18 17
32 24
3 34
3 20
71
3 0
2 13
27 13
32 24
4 27
17 24
29 23
27 34
5 1
4 14
10 20
3 34
31 20
30 23
24 34
7 34
1 0
18 23
1 34
26 20
31 13
19 34
33 29
25 11
10 17
11 13
6 8
5 14
4 0
28 19
26 11
28 23
9 13
28 29
25 17
32 17
2 34
25 34
3 13
27 24
4 24
4 13
26 29
7 13
14 19
25 14
4 34
26 8
3 12
5 24
17 19
13 19
10 7
5 29
9 8
28 17
5 11
32 34
28 14
16 34
11 19
0 34
0 19
6 17
26 34
18 17
5 17
29 34
6 4
17 23
6 1
142
9 19
22 20
18 29
32 29
28 20
14 13
31 14
27 18
26 11
27 14
10 34
4 23
30 23
4 7
5 25
11 13
2 7
25 24
31 34
26 24
3 19
4 18
20 19
3 7
12 20
4 13
3 29
3 34
1 13
26 18
21 34
33 23
27 17
6 20
26 14
11 7
31 17
27 13
33 29
10 18
10 27
32 13
1 19
25 11
16 24
3 11
4 19
5 1
3 25
4 11
31 13
2 19
16 20
11 14
0 7
32 23
11 18
10 7
4 12
27 29
29 20
12 8
29 34
31 12
17 24
3 23
18 13
3 24
18 14
6 24
25 29
11 19
30 20
16 23
25 18
6 4
33 24
10 24
17 14
22 34
15 34
12 11
12 27
31 25
15 19
20 34
6 0
26 34
16 14
16 29
12 19
6 7
0 19
7 34
26 23
12 7
27 24
5 34
18 23
28 19
2 34
6 17
16 34
5 0
3 14
12 13
7 13
13 34
25 12
3 1
4 20
22 19
25 14
10 19
4 24
7 19
6 18
15 14
30 34
4 27
2 1
15 13
19 34
23 34
9 7
10 20
21 19
3 18
3 27
21 20
28 17
31 24
26 27
14 19
27 19
1 34
25 13
5 14
12 34
6 11
31 20
32 17
142
13 34
18 20
17 34
6 17
28 13
32 17
2 7
28 34
3 13
5 1
17 14
29 34
12 11
10 7
3 23
17 13
0 34
16 29
5 24
4 18
27 24
16 34
31 25
12 13
2 19
9 19
4 13
25 29
11 7
32 20
24 34
25 14
17 20
21 20
11 27
26 20
4 24
4 34
16 24
18 14
32 19
16 14
12 29
4 17
5 8
33 29
3 0
31 14
25 11
1 34
31 19
25 20
12 18
12 14
5 27
23 20
2 34
26 12
33 19
17 24
4 29
6 34
10 13
32 34
17 29
28 20
32 23
15 19
12 24
3 18
6 0
12 19
4 12
4 25
8 19
28 18
23 19
26 14
1 0
31 12
6 24
25 18
32 29
10 20
3 14
16 13
29 20
3 1
26 29
25 7
27 20
6 12
3 12
15 13
9 7
6 7
26 18
10 18
27 34
26 24
5 20
23 34
0 13
31 13
7 19
24 23
3 19
12 20
3 27
24 20
31 34
12 23
5 17
6 14
31 27
17 19
4 0
4 8
18 34
5 12
1 13
5 0
26 11
30 24
7 34
18 13
5 18
16 19
31 18
11 24
27 14
10 19
9 13
26 27
26 34
26 13
21 34
6 11
17 23
33 20
26 23
32 24
142
6 18
6 4
17 34
5 27
11 34
31 27
27 18
31 25
12 17
31 23
2 34
33 19
18 19
11 20
27 20
32 18
18 23
16 29
18 24
4 7
12 19
12 27
4 24
12 34
6 7
2 0
5 34
33 24
3 29
3 12
23 34
6 14
9 7
8 13
11 17
32 20
29 23
6 23
32 24
11 13
30 19
6 12
5 24
32 23
12 18
25 29
28 20
4 11
1 34
5 8
25 11
11 19
32 14
3 34
5 7
15 13
20 34
25 14
16 34
5 25
22 20
10 19
5 12
32 29
10 8
29 34
15 19
17 13
17 29
3 11
26 19
33 29
25 23
4 0
2 13
32 19
10 27
15 34
3 27
33 20
4 34
33 34
28 29
6 19
26 12
6 24
21 34
16 24
5 1
30 23
32 34
3 17
27 13
26 23
7 13
9 8
18 13
16 13
31 14
26 18
14 34
26 20
25 19
25 24
6 8
16 19
11 7
31 8
6 20
15 14
26 34
9 34
6 34
28 19
12 29
18 29
6 1
31 24
5 29
24 34
7 19
17 24
11 23
17 20
11 8
30 24
27 24
5 18
5 23
29 20
24 23
3 18
10 13
25 34
12 11
22 19
27 17
5 0
5 14
12 24
0 34
31 19
142
6 29
3 34
3 14
4 8
31 17
25 34
4 7
27 13
6 13
2 34
16 34
11 24
3 29
3 23
17 23
4 17
4 34
3 13
25 7
19 34
6 34
31 18
3 7
33 34
10 23
25 14
4 11
3 27
23 20
3 0
11 20
3 12
32 18
3 8
12 29
11 34
7 19
6 0
31 34
25 23
27 24
26 12
18 24
27 20
4 18
27 14
12 18
32 29
6 17
12 23
18 23
7 34
4 13
22 19
10 14
17 29
11 14
5 11
10 29
6 20
24 23
0 34
2 13
18 29
28 19
14 19
24 19
25 19
5 34
32 27
31 14
5 1
1 7
33 19
26 27
29 23
26 14
31 25
18 17
21 19
11 19
25 11
26 19
27 17
28 20
10 17
26 13
6 19
24 34
3 24
0 7
30 23
13 19
28 18
17 19
28 34
16 13
4 27
5 24
5 29
2 0
6 18
4 23
4 12
27 19
6 11
5 14
27 34
10 34
12 8
3 25
16 23
26 7
31 19
28 23
25 27
25 12
7 13
22 20
26 29
28 14
21 20
17 20
6 14
33 20
8 13
14 13
12 7
10 7
15 19
32 17
5 17
28 17
5 23
33 23
32 23
30 24
16 20
25 17
4 0
17 34
11 23
142
16 34
10 20
29 23
21 19
5 11
3 27
18 23
2 0
29 24
5 12
31 20
7 19
11 23
5 4
33 23
5 23
26 29
12 27
25 8
26 18
1 34
23 34
31 34
10 27
32 19
25 23
6 13
27 17
9 8
24 19
11 34
25 24
5 20
8 34
4 7
5 34
11 24
11 17
22 20
12 23
12 7
28 29
12 19
12 13
26 12
5 7
8 19
33 34
26 7
7 13
25 27
21 34
5 8
4 23
23 19
16 13
9 34
3 29
10 18
3 12
6 27
29 20
32 23
26 11
4 24
23 20
31 19
11 29
3 8
33 24
14 13
12 14
5 1
31 29
6 17
32 27
31 18
16 29
26 8
9 7
28 20
3 1
3 7
26 14
2 13
4 0
18 20
25 7
26 19
17 13
6 20
32 17
31 8
4 12
30 34
8 7
6 18
1 13
30 23
3 0
14 19
16 14
30 20
14 34
25 29
27 18
18 34
11 13
5 14
28 14
5 25
3 13
28 34
15 19
20 19
3 14
3 19
4 17
28 13
30 24
25 14
26 23
6 8
25 19
6 14
28 23
4 19
6 7
25 11
3 24
6 34
4 11
22 19
12 34
12 20
5 29
17 20
31 24
2 19
2 7
10 7
16 19
284
10 20
26 18
28 13
32 24
11 20
32 18
27 14
4 8
7 34
24 19
6 17
33 19
31 17
18 14
17 13
26 11
10 27
33 29
31 11
26 12
5 13
20 34
0 13
18 17
32 20
25 17
26 20
8 13
21 19
4 29
1 0
27 24
29 34
17 14
31 23
15 19
6 12
17 19
12 27
5 8
5 34
32 29
33 23
3 24
6 1
11 8
4 11
11 14
10 17
32 19
11 7
11 27
29 20
28 23
3 17
10 14
6 8
2 1
4 1
25 12
27 23
12 14
31 8
16 13
14 19
10 7
5 25
3 29
28 20
4 20
29 24
32 27
31 13
29 19
16 20
32 23
10 19
3 23
18 13
28 18
3 13
23 34
5 27
26 23
3 12
26 13
11 13
18 29
26 34
5 17
4 34
16 29
27 34
12 8
25 8
2 7
28 17
4 25
12 11
21 20
2 34
30 23
4 24
2 0
3 8
15 14
18 24
27 19
3 7
0 7
18 20
32 34
31 20
9 7
14 34
30 34
3 0
6 19
31 18
16 14
25 29
25 34
30 19
18 23
3 27
25 11
6 34
5 4
16 19
31 25
33 20
6 23
6 27
25 20
10 23
25 14
12 13
7 13
28 24
4 17
31 7
3 25
17 23
10 24
11 34
25 27
25 13
28 19
10 8
17 20
5 1
28 14
10 34
12 24
26 19
4 14
11 19
26 27
6 24
11 18
26 29
0 34
15 34
25 23
6 7
4 7
32 17
6 0
25 24
5 0
17 29
22 34
23 20
4 23
28 29
9 34
8 19
11 17
22 19
27 13
18 34
4 12
27 29
25 18
3 18
31 27
1 19
3 20
26 7
2 13
5 11
33 24
32 13
31 12
12 23
6 11
23 19
30 20
16 24
1 34
13 34
3 19
8 34
16 23
28 34
4 13
5 24
30 24
20 19
0 19
31 34
31 24
4 18
27 20
12 20
31 19
11 24
10 13
32 14
18 19
6 13
1 13
24 20
17 24
25 7
1 7
12 29
7 19
4 0
4 19
24 34
21 34
6 25
4 27
27 17
6 20
11 29
31 14
9 19
5 19
12 7
5 7
29 23
17 34
14 13
3 34
3 11
9 13
6 4
5 23
19 34
12 17
6 29
9 8
13 19
15 13
12 18
10 18
6 18
5 14
6 14
31 29
2 19
3 1
5 20
27 18
5 29
11 23
22 20
26 8
3 14
25 19
12 19
26 24
8 7
33 34
16 34
12 34
26 14
26 17
5 12
24 23
10 29
5 18
