0

3
7 2
3 0
8 4
3
7 2
8 10
6 5
3
8 7
3 0
8 2
3
8 4
8 7
1 0
3
7 10
7 2
7 0
6
7 1
8 1
3 0
8 4
9 5
6 5
6
7 2
10 1
7 4
7 0
10 3
7 10
6
7 2
10 0
8 2
1 0
9 5
8 4
6
3 1
8 10
8 0
3 0
10 0
8 3
6
10 0
8 1
8 3
7 0
7 2
7 3
11
7 10
8 10
6 5
7 2
10 0
7 1
8 0
3 0
1 0
8 4
8 2
11
8 3
3 1
8 1
8 4
7 10
7 1
3 0
8 7
10 1
8 2
7 0
11
3 1
8 3
3 0
8 0
7 1
7 2
1 0
8 7
8 2
8 10
7 10
11
8 2
7 2
6 5
7 1
10 3
7 3
10 1
8 1
8 3
10 0
1 0
11
8 10
8 2
7 0
10 3
9 5
3 0
7 10
6 5
7 3
8 3
7 2
22
7 0
6 5
8 2
8 1
7 3
10 1
9 5
8 10
9 6
7 10
8 3
7 2
1 0
8 4
8 7
7 4
3 1
10 0
3 0
10 3
8 0
7 1
