0
18
2 26
19 27
22 31
14 28
6 31
3 31
7 26
1 30
9 25
6 21
6 11
1 20
5 29
12 26
11 22
6 26
2 21
21 29
18
18 29
0 18
5 21
12 18
14 31
9 17
1 11
0 8
14 28
0 28
1 19
3 23
5 26
9 27
10 28
3 19
6 11
12 23
18
10 21
2 31
16 26
5 20
22 30
12 23
6 21
6 15
3 27
1 30
11 27
6 20
13 28
5 21
1 26
9 25
2 26
7 21
18
8 18
17 25
19 30
10 29
0 16
1 27
2 28
5 13
2 13
2 21
15 31
11 22
1 22
14 29
7 20
7 21
4 21
1 17
18
6 22
1 17
11 22
13 31
10 28
0 18
23 29
3 19
15 20
6 21
3 22
15 23
4 28
7 20
11 27
2 31
4 29
7 18
44
9 19
7 15
15 20
1 25
23 31
8 29
9 18
10 28
8 24
1 21
6 30
1 17
15 31
7 23
6 20
14 31
13 18
14 29
21 31
6 26
1 18
14 27
3 28
3 11
3 30
14 19
6 27
3 31
0 29
1 31
13 28
5 28
12 31
9 27
12 20
6 31
3 19
19 30
6 28
9 30
2 31
1 29
9 29
1 30
44
6 11
15 28
9 25
3 14
21 26
5 29
15 20
9 26
0 28
1 25
13 21
9 29
1 28
6 15
23 29
5 21
3 27
4 31
7 28
19 27
0 8
3 22
3 31
8 18
6 31
1 19
7 31
21 31
16 24
4 29
2 29
8 26
10 21
4 21
0 18
6 26
6 14
15 26
5 18
1 26
7 29
5 28
7 18
13 28
44
3 22
11 31
15 20
6 26
16 24
10 20
4 31
14 28
10 26
7 21
2 20
10 29
14 23
3 28
5 26
4 15
7 26
0 8
1 22
20 31
0 28
20 26
2 13
1 26
3 23
14 29
5 21
8 28
18 28
15 21
21 26
12 23
9 27
1 30
2 26
0 24
18 26
17 25
8 24
19 27
6 20
5 28
13 31
2 10
44
21 31
6 15
21 29
5 31
20 28
3 31
2 26
7 15
12 29
17 27
20 26
2 28
3 30
23 29
5 23
6 26
11 19
11 27
5 15
9 27
7 26
4 10
22 31
0 16
8 29
1 22
14 29
1 28
15 21
11 22
12 31
0 20
5 18
9 25
13 23
16 24
4 15
12 28
18 29
10 28
4 29
3 14
13 29
14 28
44
2 18
4 18
1 25
17 27
18 28
8 28
5 20
8 26
9 25
3 30
10 26
0 8
8 29
22 30
9 30
19 30
14 31
6 19
0 10
9 29
14 22
21 31
5 26
2 28
12 26
5 13
6 29
4 10
4 20
1 18
22 27
4 21
13 29
7 26
1 19
15 29
15 26
0 20
0 16
2 12
2 26
1 28
12 29
13 31
87
2 28
7 18
21 26
7 29
7 31
0 20
2 12
2 20
9 28
15 28
7 13
16 24
14 28
13 29
12 29
6 21
12 26
1 10
14 30
1 18
13 26
15 26
1 20
12 28
9 18
6 19
0 8
13 18
14 22
23 29
13 31
10 29
4 15
1 28
17 27
6 11
3 27
20 26
3 22
3 14
6 14
10 31
8 28
6 30
6 15
15 23
2 31
6 29
14 27
2 23
22 30
4 18
21 31
16 26
18 28
1 27
1 22
9 17
0 10
11 27
0 16
7 12
10 28
1 26
19 30
6 23
3 11
1 19
13 21
14 23
11 19
15 29
6 20
8 18
3 19
4 28
14 19
12 23
6 31
3 28
4 23
14 31
8 26
2 13
0 26
1 9
12 31
87
7 13
12 29
7 18
7 31
8 18
13 18
4 15
23 29
4 12
15 29
17 26
0 20
9 28
0 31
7 21
9 19
2 23
8 16
12 23
5 18
15 28
2 26
14 31
4 29
11 27
4 10
0 18
2 29
8 26
2 28
6 27
14 27
16 24
5 21
6 29
5 13
18 28
10 21
11 19
1 11
6 28
2 12
6 30
10 20
10 26
1 17
5 23
6 15
1 9
3 19
15 23
0 29
7 20
1 26
0 24
13 28
5 15
0 8
5 28
7 28
2 18
5 10
5 29
14 28
1 29
16 26
0 21
15 21
2 31
14 19
22 30
1 10
12 31
4 21
5 26
1 18
15 26
13 29
12 26
9 29
1 31
7 23
10 29
23 28
8 28
5 20
1 28
87
1 26
6 11
0 31
3 27
14 29
9 30
18 29
0 21
20 26
16 24
14 28
10 20
2 29
19 27
14 30
4 20
22 27
18 26
7 23
1 30
6 31
17 27
1 29
9 28
13 18
0 28
7 26
9 18
5 26
12 20
6 30
14 27
0 10
6 21
2 21
7 21
10 31
8 28
7 29
5 31
4 26
5 20
7 20
6 14
4 15
2 26
6 22
13 23
3 11
10 21
1 9
10 29
15 28
4 10
9 26
1 19
6 28
22 30
21 29
7 28
9 29
0 20
2 12
2 18
10 18
12 28
2 10
14 22
6 19
13 31
23 31
4 21
9 17
5 18
1 22
15 29
12 31
5 28
1 27
6 20
1 17
13 26
14 19
5 15
5 29
9 19
9 27
87
7 29
14 31
3 31
18 28
12 26
7 23
4 29
22 31
20 28
19 30
0 18
6 29
6 19
12 29
2 21
8 24
5 26
3 23
13 18
17 25
7 12
2 20
4 26
14 29
12 20
6 23
0 8
12 31
13 23
1 26
1 29
17 26
0 20
13 28
23 29
3 14
8 29
4 23
9 26
0 26
2 13
15 20
15 28
4 21
1 30
1 27
9 25
12 18
7 21
7 26
1 19
9 27
8 16
15 29
6 11
20 26
8 18
0 24
3 19
9 18
7 18
7 15
2 31
10 20
12 28
11 19
21 31
6 22
5 28
10 31
3 28
4 20
15 21
14 30
10 26
15 23
1 22
6 28
1 20
2 10
1 17
11 22
5 18
15 26
19 27
3 29
2 29
87
7 20
6 19
3 14
3 22
6 22
10 21
10 20
9 17
14 19
1 29
9 29
9 28
13 21
0 8
10 28
12 31
1 10
7 29
17 25
0 31
6 20
2 31
6 30
6 11
0 24
11 22
14 22
6 29
7 28
21 26
6 15
10 26
15 20
6 28
8 24
2 12
4 26
2 13
4 20
13 31
4 31
7 26
3 31
9 26
2 10
2 18
13 18
1 18
14 27
19 30
6 26
6 21
8 18
18 29
2 20
11 27
0 28
11 19
4 18
4 21
1 11
13 28
12 26
15 29
1 26
1 22
4 29
9 18
5 10
5 21
2 28
1 20
4 23
3 11
8 29
20 26
5 29
12 23
23 28
4 10
12 20
3 28
10 18
23 31
2 23
14 29
21 31
173
18 28
21 26
13 29
4 23
10 31
6 14
9 19
15 28
1 26
8 18
3 27
5 26
5 21
7 29
7 13
0 16
2 20
18 26
7 23
11 22
8 24
12 31
0 21
12 20
9 30
6 20
14 22
0 24
18 29
13 18
13 28
11 27
1 28
13 26
2 18
0 26
20 26
5 13
23 31
6 28
10 18
9 18
6 26
8 26
15 20
9 27
20 31
6 30
3 23
16 24
3 19
13 23
7 31
5 23
10 20
4 15
14 27
4 10
15 23
0 8
23 29
9 25
1 22
6 22
8 16
1 30
4 12
7 20
17 26
7 26
4 26
4 20
6 15
7 28
6 29
8 28
11 31
2 21
12 28
1 29
17 27
1 20
22 30
1 25
14 23
16 26
1 27
1 19
2 28
6 23
14 30
6 27
17 25
7 21
12 29
13 21
12 18
15 29
6 19
1 21
14 19
5 20
7 18
5 28
20 28
1 9
2 23
10 29
0 18
4 29
3 22
1 17
10 26
9 29
2 26
5 10
2 31
22 31
0 28
0 10
14 31
10 28
7 15
21 31
5 15
21 29
3 29
1 11
19 30
11 30
0 29
14 28
5 18
2 12
11 19
19 27
2 13
14 29
9 26
9 28
4 28
15 31
2 29
3 14
3 31
10 21
6 31
13 31
6 11
6 21
22 27
4 18
3 30
0 31
12 26
4 31
2 10
1 31
5 31
9 17
23 28
15 26
1 10
12 23
15 21
3 28
3 11
0 20
8 29
4 21
7 12
1 18
5 29
