9
0 28
-4587.813052 0
-3997.239891 1 1
-3976.054547 1 2
-3970.946544 2 1 2
-4011.050474 1 4
-3932.056906 2 1 4
-3921.933484 2 2 4
-4216.702386 1 5
-3971.556285 2 1 5
-3961.243139 2 2 5
-4226.490997 1 6
-3969.38812 2 1 6
-3967.933122 2 2 6
-4163.445886 2 5 6
-4267.161996 1 7
-3969.421809 2 1 7
-3969.526503 2 2 7
-4152.414338 2 5 7
-4175.134237 2 6 7
-4337.426373 1 8
-3923.445098 2 1 8
-3909.980834 2 2 8
-3923.783752 2 4 8
-3914.39534 3 1 4 8
-3908.059721 3 2 4 8
-4053.713249 2 5 8
-4089.737183 2 6 8
-4170.347446 2 7 8
1 43
-3728.39881 0
-3137.825649 1 0
-1165.03829 1 2
-1159.930287 2 0 2
-2036.550222 1 4
-1957.556654 2 0 4
-1020.505437 2 2 4
-2696.462587 1 5
-2451.316487 2 0 5
-1111.144895 2 2 5
-2011.693496 2 4 5
-1947.963745 3 0 4 5
-2731.891742 1 6
-2474.788866 2 0 6
-1127.958537 2 2 6
-2004.385159 2 4 6
-1943.070504 3 0 4 6
-2459.972985 2 5 6
-2298.078728 3 0 5 6
-1110.061325 3 2 5 6
-2908.040375 1 7
-2610.300188 2 0 7
-1148.302392 2 2 7
-2032.540985 2 4 7
-2471.243586 2 5 7
-2311.377398 3 0 5 7
-2545.541325 2 6 7
-2365.340907 3 0 6 7
-2342.258821 3 5 6 7
-2244.466702 4 0 5 6 7
-3480.664567 1 8
-3066.683292 2 0 8
-2002.227505 2 4 8
-2561.521734 2 5 8
-2435.465374 3 0 5 8
-1981.986049 3 4 5 8
-2642.100751 2 6 8
-1985.417885 3 4 6 8
-2380.070929 3 5 6 8
-2849.155228 2 7 8
-2420.562264 3 5 7 8
-2518.687283 3 6 7 8
-2330.167807 4 5 6 7 8
2 54
-3785.491204 0
-3173.732699 1 0
-1222.130684 1 1
-1195.837337 2 0 1
-2024.803639 1 4
-1935.686649 2 0 4
-1008.758854 2 1 4
-2684.676083 1 5
-2429.216837 2 0 5
-1099.35839 2 1 5
-1984.842024 2 4 5
-1915.669357 3 0 4 5
-1003.3535 3 1 4 5
-2685.178273 1 6
-2426.620399 2 0 6
-1081.245068 2 1 6
-1960.82401 2 4 6
-1892.185491 3 0 4 6
-990.490564 3 1 4 6
-2412.065806 2 5 6
-2252.605377 3 0 5 6
-1062.154145 3 1 5 6
-2860.967598 1 7
-2563.332105 2 0 7
-1101.229616 2 1 7
-1990.78113 2 4 7
-1929.207967 3 0 4 7
-997.458224 3 1 4 7
-2406.479284 2 5 7
-2252.217597 3 0 5 7
-1058.343875 3 1 5 7
-1979.495376 3 4 5 7
-2460.759007 2 6 7
-2293.591891 3 0 6 7
-1057.914127 3 1 6 7
-2263.806495 3 5 6 7
-2181.645455 4 0 5 6 7
-3503.526269 1 8
-3076.08073 2 0 8
-1207.66759 2 1 8
-1975.459237 2 4 8
-2516.92281 2 5 8
-2380.630409 3 0 5 8
-1933.002405 3 4 5 8
-2574.50739 2 6 8
-2421.048772 3 0 6 8
-1929.950689 3 4 6 8
-2310.21262 3 5 6 8
-2787.343533 2 7 8
-2561.288615 3 0 7 8
-1959.371138 3 4 7 8
-2340.094907 3 5 7 8
-2417.59211 3 6 7 8
-2237.193686 4 5 6 7 8
3 3
-25.415043 0
-24.76788 1 4
-23.837413 1 5
4 62
-3199.130696 0
-2622.368117 1 0
-1507.282107 1 1
-1442.099123 2 0 1
-1438.443131 1 2
-1384.322067 2 0 2
-1293.910278 2 1 2
-1293.134379 3 0 1 2
-3198.483533 1 3
-1736.430153 1 5
-1540.409866 2 0 5
-1051.661062 2 1 5
-1037.057124 3 0 1 5
-1036.596094 2 2 5
-1026.862386 3 0 2 5
-955.656171 3 1 2 5
-1887.468318 1 6
-1681.173698 2 0 6
-1159.961734 2 1 6
-1149.455336 3 0 1 6
-1163.114054 2 2 6
-1146.738791 3 0 2 6
-1069.20723 3 1 2 6
-1395.23864 2 5 6
-1285.739989 3 0 5 6
-945.079641 3 1 5 6
-948.235291 3 2 5 6
-897.965663 4 1 2 5 6
-2082.88125 1 7
-1840.036873 2 0 7
-1207.381861 2 1 7
-1199.324389 3 0 1 7
-1212.694781 2 2 7
-1205.912735 3 0 2 7
-1103.610468 3 1 2 7
-1350.534929 2 5 7
-1258.385587 3 0 5 7
-906.503141 3 1 5 7
-923.551021 3 2 5 7
-869.270279 4 1 2 5 7
-1552.060133 2 6 7
-1440.95173 3 0 6 7
-1030.787527 3 1 6 7
-1059.49286 3 2 6 7
-992.771802 4 1 2 6 7
-1142.700285 3 5 6 7
-1112.133931 4 0 5 6 7
-841.287805 4 1 5 6 7
-867.272878 4 2 5 6 7
-840.585124 5 1 2 5 6 7
-2948.296082 1 8
-2534.653461 2 0 8
-1469.85902 2 1 8
-1420.229051 2 2 8
-1596.105954 2 5 8
-1506.228011 3 0 5 8
-1016.570269 3 1 5 8
-1012.185548 3 2 5 8
-1822.758647 2 6 8
-1324.550961 3 5 6 8
-2078.958265 2 7 8
-1345.923304 3 5 7 8
5 34
-2575.278212 0
-2204.167545 1 0
-1543.341989 1 1
-1517.658383 2 0 1
-1474.463091 1 2
-1459.651683 2 0 2
-1420.569696 2 1 2
-2573.700582 1 3
-1543.02605 2 1 3
-1474.255721 2 2 3
-1112.577669 1 4
-1087.720943 2 1 4
-1072.616054 2 2 4
-1465.432113 1 6
-1402.387003 2 0 6
-1193.513357 2 1 6
-1192.319646 2 2 6
-1174.422434 3 1 2 6
-973.202435 2 4 6
-1805.92228 1 7
-1691.174622 2 0 7
-1369.125491 2 1 7
-1351.433965 2 2 7
-1326.23975 3 1 2 7
-1073.575959 2 4 7
-1068.246772 3 1 4 7
-1062.290205 3 2 4 7
-1378.932947 2 6 7
-1368.808947 3 0 6 7
-1175.650444 3 1 6 7
-1181.980435 3 2 6 7
-969.573099 3 4 6 7
-2472.81127 1 8
-2189.098147 2 0 8
6 36
-2460.652322 0
-2099.330267 1 0
-1464.145254 1 1
-1436.293484 2 0 1
-1360.339391 1 2
-1352.217966 2 0 2
-1323.259638 2 1 2
-1148.989944 1 4
-1116.824881 2 1 4
-1085.010315 2 2 4
-1350.806224 1 5
-1297.549724 2 0 5
-1114.316622 2 1 5
-1078.195947 2 2 5
-1077.112377 3 1 2 5
-1009.614711 2 4 5
-1007.735202 3 1 4 5
-989.835144 3 2 4 5
-1587.940649 1 7
-1495.91289 2 0 7
-1225.441599 2 1 7
-1187.732058 2 2 7
-1182.126109 3 1 2 7
-1057.119532 2 4 7
-1048.847265 3 1 4 7
-1034.530136 3 2 4 7
-1160.951316 2 5 7
-1031.966551 3 1 5 7
-1018.278527 3 2 5 7
-953.116672 3 4 5 7
-2288.74725 1 8
-2041.05806 2 0 8
-1450.183434 2 1 8
-1359.728371 2 2 8
-1301.44763 2 5 8
-1585.772605 2 7 8
7 41
-2367.267237 0
-2046.616181 1 0
-1546.908801 1 1
-1519.09072 2 0 1
-1442.743631 1 2
-1436.215587 2 0 2
-1426.007734 2 1 2
-1251.017791 1 4
-1247.008555 2 1 4
-1216.995282 2 2 4
-1597.911305 1 5
-1533.623257 2 0 5
-1372.692304 2 1 5
-1319.714506 2 2 5
-1212.016081 2 4 5
-1206.669433 3 2 4 5
-1494.555563 1 6
-1443.198804 2 0 6
-1308.205146 2 1 6
-1270.136298 2 2 6
-1159.147379 2 4 6
-1408.056397 2 5 6
-1290.342233 3 1 5 6
-1259.797087 3 2 5 6
-1155.518042 3 4 5 6
-2049.287402 1 8
-1882.208474 2 0 8
-1417.778063 2 1 8
-1333.104665 2 2 8
-1179.949584 2 4 8
-1163.861486 3 2 4 8
-1386.50878 2 5 8
-1245.54931 3 1 5 8
-1209.680877 3 2 5 8
-1136.32613 3 4 5 8
-1346.312757 2 6 8
-1222.899288 3 1 6 8
-1189.397476 3 2 6 8
-1105.174831 3 4 6 8
-1271.306986 3 5 6 8
-1221.403864 4 1 5 6 8
8 23
-2959.471229 0
-2709.08455 1 0
-2711.736986 1 1
-2637.942194 2 0 1
-2677.506294 1 2
-2611.432581 2 0 2
-2708.636616 1 4
-2621.369894 2 0 4
-2674.313898 2 1 4
-2659.292214 2 2 4
-2857.004288 1 5
-2694.015152 2 0 5
-2787.566157 1 6
-2650.812343 2 0 6
-2697.775166 2 1 6
-2676.895274 2 2 6
-2641.491394 1 7
-2544.676843 2 0 7
-2582.606248 2 1 7
-2567.867328 2 2 7
-2542.633353 3 0 2 7
-2637.568409 2 4 7
-2639.32335 2 6 7

1
1 5
