9
0 22
-4587.245075 0
-3996.001552 1 1
-3974.708475 1 2
-4010.976257 1 4
-3949.699457 2 1 4
-3939.574565 2 2 4
-4218.717531 1 5
-3992.821818 2 1 5
-4228.911974 1 6
-3993.729256 2 1 6
-4185.391887 2 5 6
-4269.592251 1 7
-3992.402605 2 1 7
-4174.076375 2 5 7
-4196.505105 2 6 7
-4336.925418 1 8
-3929.059574 2 1 8
-3917.650263 2 2 8
-3926.56159 2 4 8
-4065.727664 2 5 8
-4103.974679 2 6 8
-4183.794883 2 7 8
1 25
-3727.984269 0
-3136.740746 1 0
-1171.525061 1 2
-2044.004931 1 4
-1982.728131 2 0 4
-1062.844881 2 2 4
-2704.276199 1 5
-2478.380486 2 0 5
-1154.248168 2 2 5
-2739.896579 1 6
-2504.713862 2 0 6
-1171.252451 2 2 6
-2504.012266 2 5 6
-2438.975057 3 0 5 6
-2914.65668 1 7
-2637.467034 2 0 7
-2512.584556 2 5 7
-2448.009871 3 0 5 7
-2585.980327 2 6 7
-3483.42237 1 8
-3075.556526 2 0 8
-2033.527054 2 4 8
-2596.794394 2 5 8
-2676.235479 2 6 8
-2879.278762 2 7 8
2 30
-3785.056257 0
-3172.519658 1 0
-1228.597049 1 1
-1220.568151 2 0 1
-2032.251744 1 4
-1960.850052 2 0 4
-1051.091694 2 1 4
-2692.281046 1 5
-2455.877953 2 0 5
-1142.253014 2 1 5
-2693.038514 1 6
-2453.641185 2 0 6
-1124.394385 2 1 6
-2006.220899 2 4 6
-2455.466896 2 5 6
-2385.801752 3 0 5 6
-2867.51312 1 7
-2587.606393 2 0 7
-1143.015861 2 1 7
-2447.374947 2 5 7
-2381.36057 3 0 5 7
-2500.841552 2 6 7
-2422.076659 3 0 6 7
-2424.13393 3 5 6 7
-3506.141712 1 8
-3086.866557 2 0 8
-2006.54312 2 4 8
-2551.681986 2 5 8
-2608.248721 2 6 8
-2817.703676 2 7 8
3 1
-27.011567 0
4 31
-3198.874415 0
-2622.605597 1 0
-1514.895077 1 1
-1468.592982 2 0 1
-1446.069902 1 2
-1410.935991 2 0 2
-1337.389723 2 1 2
-1745.910874 1 5
-1576.924023 2 0 5
-1101.488589 2 1 5
-1086.392284 2 2 5
-1896.472404 1 6
-1714.299611 2 0 6
-1206.615913 2 1 6
-1209.654789 2 2 6
-1444.787339 2 5 6
-2089.730969 1 7
-1864.710407 2 0 7
-1249.193405 2 1 7
-1254.52259 2 2 7
-1396.784629 2 5 7
-1082.796062 3 1 5 7
-1594.379037 2 6 7
-1581.992976 3 0 6 7
-1198.680561 3 1 6 7
-1318.190037 3 5 6 7
-2949.164408 1 8
-2538.80058 2 0 8
-1499.269092 2 1 8
-1633.040142 2 5 8
-1855.301279 2 6 8
5 20
-2575.200657 0
-2206.673113 1 0
-1551.492587 1 1
-1548.312853 2 0 1
-1482.425445 1 2
-1465.148553 2 1 2
-1122.237116 1 4
-1472.052942 1 6
-1428.532856 2 0 6
-1236.168629 2 1 6
-1234.481324 2 2 6
-1020.367878 2 4 6
-1812.466523 1 7
-1716.950647 2 0 7
-1410.394399 2 1 7
-1392.32835 2 2 7
-1119.520182 2 4 7
-1415.546043 2 6 7
-2476.055419 1 8
-2204.857665 2 0 8
6 22
-2460.683037 0
-2102.349936 1 0
-1472.595347 1 1
-1470.323051 2 0 1
-1368.665294 1 2
-1368.392684 2 1 2
-1158.281025 1 4
-1132.25018 2 2 4
-1357.535322 1 5
-1324.209679 2 0 5
-1157.271389 2 1 5
-1120.721173 2 2 5
-1056.411788 2 4 5
-1593.877508 1 7
-1520.790363 2 0 7
-1265.201155 2 1 7
-1227.20594 2 2 7
-1098.525576 2 4 7
-1196.957029 2 5 7
-2291.693571 1 8
-2058.742832 2 0 8
-1330.063633 2 5 8
7 26
-2367.314109 0
-2049.661285 1 0
-1553.98652 1 1
-1550.387573 2 0 1
-1449.770972 1 2
-1258.170663 1 4
-1604.579974 1 5
-1559.938819 2 0 5
-1412.888331 2 1 5
-1359.673876 2 2 5
-1255.453729 2 4 5
-1500.50858 1 6
-1468.101711 2 0 6
-1346.592328 2 1 6
-1308.311618 2 2 6
-1198.415214 2 4 6
-1444.001681 2 5 6
-2053.404448 1 8
-1900.273913 2 0 8
-1449.260841 2 1 8
-1364.966413 2 2 8
-1209.270219 2 4 8
-1419.059312 2 5 8
-1392.633129 3 1 5 8
-1353.599459 3 2 5 8
-1376.037249 2 6 8
8 17
-2959.308911 0
-2708.989254 1 0
-2714.747012 1 1
-2647.805033 2 0 1
-2680.394366 1 2
-2623.336154 2 0 2
-2709.598904 1 4
-2625.184237 2 0 4
-2699.121027 2 1 4
-2860.163673 1 5
-2707.173806 2 0 5
-2790.319445 1 6
-2665.38215 2 0 6
-2645.399251 1 7
-2559.601882 2 0 7
-2610.021332 2 1 7
-2595.589807 2 2 7