37
0 8
-155.61621 1 5
-178.30432 2 1 6
-181.37973 2 4 6
-181.4613 1 6
-184.58899 1 4
-189.23853 1 1
-192.63916 1 35
-193.03966 0
1 11
-491.0619 2 2 4
-513.3312 1 4
-516.98486 1 2
-585.3141 2 0 3
-585.90674 2 3 5
-586.38574 1 3
-587.8214 1 0
-589.5669 1 5
-591.3573 1 6
-591.4509 1 17
-591.6228 0
2 7
-493.5606 2 1 4
-515.8297 1 4
-553.4186 2 1 3
-555.6858 1 1
-618.1294 1 3
-627.28455 1 6
-630.3237 0
3 9
-439.0941 2 4 6
-444.04993 1 4
-464.91235 2 2 6
-470.15222 1 6
-477.48315 1 2
-484.41296 2 1 35
-484.4402 1 1
-485.99854 1 35
-489.67725 0
4 28
-455.02295 3 1 2 3
-466.12195 3 2 3 5
-472.72278 2 2 3
-473.9062 3 1 2 5
-473.93872 3 1 2 6
-475.5865 2 1 2
-490.60645 2 2 5
-492.1178 2 2 6
-497.89243 2 0 2
-501.5094 1 2
-502.96457 3 1 3 5
-504.0593 2 1 3
-525.77716 2 1 6
-532.77106 2 1 5
-537.7119 1 1
-557.7578 2 3 5
-564.4319 2 0 3
-565.8436 2 3 6
-570.3761 1 3
-594.1766 2 5 6
-596.81995 2 0 6
-596.90173 1 6
-603.2676 1 5
-607.55286 1 0
-613.9601 2 24 31
-614.71875 1 35
-615.1382 1 36
-616.0033 0
5 8
-173.2774 2 0 6
-174.63487 2 0 4
-176.15955 1 0
-194.8746 2 4 6
-197.59949 1 6
-200.84741 1 4
-211.5271 1 1
-213.58301 0
6 25
-448.1238 3 5 34 35
-449.41968 3 3 5 35
-452.30438 3 4 34 35
-453.87256 3 3 34 35
-456.1615 2 5 35
-456.75613 2 34 35
-457.53763 3 0 3 35
-457.86334 2 4 35
-458.78638 2 3 35
-464.5643 2 0 35
-466.99164 2 11 35
-469.4829 1 35
-469.7581 2 3 5
-474.85593 2 0 3
-480.16504 2 4 5
-481.18277 2 3 4
-482.92813 2 0 4
-485.71497 1 3
-486.1381 1 4
-489.25653 1 5
-493.66138 1 0
-502.20056 1 2
-504.79004 1 36
-504.97424 1 1
-505.23987 0
7 2
-192.64905 1 8
-204.90366 0
8 27
-436.6755 3 7 9 34
-444.19553 2 7 34
-447.54413 2 9 34
-455.03223 2 11 34
-455.33328 2 34 35
-458.58124 1 34
-461.8459 3 7 9 35
-470.20105 2 9 35
-476.2924 2 7 9
-481.81384 3 7 11 35
-487.1313 2 11 35
-487.4804 2 9 10
-490.21863 1 9
-498.28223 2 7 35
-500.55658 2 7 11
-508.14294 2 33 35
-508.64722 2 11 33
-508.9864 2 10 11
-509.71387 1 35
-510.66882 1 11
-527.0539 2 7 33
-534.0763 1 7
-537.9486 1 33
-545.51685 1 20
-546.0679 1 36
-546.2217 1 29
-546.33044 0
9 24
-412.7192 3 10 11 34
-422.50732 2 11 34
-423.92474 3 8 10 11
-431.99615 2 8 11
-441.73895 3 10 11 35
-442.49374 2 10 11
-448.81732 2 11 35
-451.90747 2 11 33
-451.91003 1 11
-463.83353 3 8 10 34
-470.66824 2 10 34
-494.64685 3 8 10 35
-497.8509 2 8 34
-499.5502 2 8 10
-508.88788 1 34
-523.33716 2 8 35
-532.50366 2 10 35
-532.5801 1 8
-553.0842 2 10 33
-561.5497 1 10
-561.6498 2 33 35
-562.8506 1 35
-581.28455 1 33
-588.692 0
10 7
-290.9541 2 9 34
-296.4542 2 8 9
-299.19177 1 9
-304.89062 2 11 34
-308.2746 2 8 11
-309.9569 1 11
-326.3341 0
11 16
-443.42004 2 9 34
-451.91022 1 9
-502.1608 3 8 10 34
-505.51834 2 10 34
-526.25195 2 8 34
-528.5957 3 8 10 35
-529.8005 1 34
-531.82117 2 8 10
-543.5196 2 8 35
-550.4479 2 10 35
-553.0304 1 8
-563.61084 2 6 35
-566.10205 1 35
-572.31476 1 10
-587.8251 1 33
-588.692 0
12 2
-346.96094 1 36
-347.87354 0
13 1
-54.808475 0
14 4
-640.25305 2 33 36
-646.1709 1 36
-650.9247 1 33
-658.01465 0
15 20
-502.08752 2 30 32
-530.85706 2 31 32
-536.1124 2 19 30
-542.14075 2 30 31
-544.5801 2 20 30
-544.7827 2 17 32
-551.3594 1 30
-553.853 2 17 31
-554.95435 1 31
-565.1061 2 29 32
-565.43835 2 19 32
-568.23486 1 32
-573.7779 2 17 19
-582.29626 2 19 29
-582.39966 1 17
-584.8799 1 19
-585.5597 2 20 29
-588.3723 1 20
-588.5825 1 29
-592.5902 0
16 1
-183.90874 0
17 45
-412.8219 3 19 30 31
-425.4669 3 20 30 31
-427.7638 2 30 31
-430.81277 3 19 24 30
-432.70517 2 19 30
-436.4317 3 19 29 31
-436.97968 3 24 30 32
-438.93176 2 30 32
-440.47156 3 20 29 31
-441.1527 2 29 31
-443.07358 2 19 31
-444.98187 3 20 24 30
-447.22168 2 20 30
-449.0357 2 20 31
-450.04916 2 24 30
-454.47858 2 15 31
-454.5635 3 23 29 30
-454.70667 2 31 32
-454.9912 2 23 30
-455.58032 1 31
-456.12164 2 29 30
-458.00494 3 15 19 29
-459.92578 1 30
-463.46082 2 19 29
-466.14148 3 15 19 32
-468.07733 3 15 29 32
-471.06207 2 15 19
-477.60422 3 20 29 32
-477.9159 2 19 32
-478.7618 2 29 32
-478.7765 2 15 32
-482.16357 1 19
-489.2662 2 20 29
-495.05106 2 20 32
-502.229 1 32
-509.29343 2 15 20
-514.07263 2 15 29
-514.84595 1 20
-516.29694 2 29 33
-516.61426 1 29
-536.25665 2 15 33
-538.5115 1 15
-544.4354 1 33
-548.5297 1 1
-548.7019 0
18 1
-180.81819 0
19 38
-278.50137 3 20 31 32
-287.6734 2 20 31
-289.19458 3 20 30 32
-290.56326 3 17 20 32
-296.657 2 20 32
-322.65222 2 17 20
-329.29736 2 20 30
-348.91708 2 20 29
-349.34094 2 20 33
-349.89185 1 20
-356.77347 3 17 31 32
-359.13928 2 31 32
-365.66083 2 17 32
-371.21008 2 30 32
-387.17615 2 15 32
-389.97266 1 32
-391.53644 2 17 31
-398.9055 2 31 33
-403.28864 3 15 30 31
-403.59317 2 31 34
-404.0432 1 31
-425.7678 3 15 17 30
-434.19183 2 15 17
-434.5144 2 17 30
-439.40887 2 17 33
-442.81415 1 17
-444.12347 3 15 30 33
-446.4867 2 15 30
-455.7249 2 30 33
-461.7339 1 30
-486.84253 2 15 33
-492.14752 2 29 33
-494.79474 2 15 29
-496.41928 1 33
-501.08105 1 29
-501.64148 1 15
-507.1745 1 34
-509.35205 0
20 24
-361.89825 1 19
-450.73248 2 17 32
-454.97034 2 30 32
-457.07336 2 31 32
-457.90967 1 32
-477.5301 2 17 31
-482.40305 2 31 33
-483.3456 2 31 34
-484.07495 1 31
-487.2284 2 17 33
-487.50256 1 17
-493.84094 2 15 30
-497.64972 2 30 33
-500.4923 2 30 34
-500.6211 1 30
-509.90356 2 15 33
-513.94293 2 15 34
-514.41345 1 33
-516.8004 2 8 15
-517.1405 1 15
-518.4484 1 34
-520.20557 1 29
-520.5449 1 8
-521.35864 0
21 2
-312.32764 1 36
-312.87842 0
22 2
-74.02197 1 23
-77.117645 0
23 7
-332.97137 2 22 24
-334.11057 1 24
-351.04126 1 31
-353.1007 1 22
-354.31567 2 17 30
-355.94714 2 8 30
-356.1958 0
24 11
-214.337 3 23 30 31
-215.20624 2 23 31
-219.81049 3 29 30 31
-220.41516 2 30 31
-221.87772 1 23
-224.85236 2 4 31
-228.61938 1 31
-231.95398 2 17 30
-234.99377 2 29 30
-241.82959 1 30
-243.96317 0
25 2
-594.26996 1 28
-595.4603 0
26 5
-292.88922 2 28 29
-297.76416 2 27 29
-300.4663 1 29
-331.0913 1 27
-332.90952 0
27 7
-295.14447 1 28
-349.83688 2 26 29
-352.53906 1 29
-354.37762 1 26
-355.73975 1 36
-355.83527 2 2 34
-356.1958 0
28 8
-346.82306 2 27 29
-391.1903 2 26 29
-398.7666 1 29
-401.85846 2 27 30
-403.01413 1 27
-461.12842 1 30
-462.8749 1 25
-464.0655 0
29 42
-453.96487 3 26 28 30
-471.54837 3 17 26 28
-488.71103 3 26 28 31
-490.38565 2 28 30
-493.59348 3 19 26 28
-495.08615 2 26 28
-508.9455 2 17 28
-515.4156 3 24 26 30
-518.1208 2 26 30
-525.6658 2 28 31
-531.39905 2 19 28
-534.0694 2 15 28
-535.8013 2 28 32
-536.6868 1 28
-540.0536 3 17 26 27
-542.00586 2 17 26
-542.1945 2 24 30
-545.227 2 17 30
-547.8667 2 27 30
-549.03076 1 30
-554.84546 2 26 31
-562.06757 3 19 26 27
-564.0997 2 19 26
-565.0016 2 26 27
-568.45026 2 17 27
-568.58026 2 26 32
-568.8318 2 15 26
-569.542 1 26
-569.89746 1 17
-584.55493 1 31
-590.7041 2 19 27
-591.1311 2 15 19
-593.7145 1 19
-594.00354 2 15 32
-596.31903 2 27 32
-597.00854 2 15 27
-597.1323 1 32
-597.97784 1 15
-598.3287 1 27
-600.83264 1 20
-601.8761 1 8
-601.98535 0
30 60
-406.20462 4 17 24 29 31
-411.98224 3 24 29 31
-417.05896 3 17 29 31
-418.97092 3 17 24 31
-422.50485 3 15 29 31
-427.09222 3 15 17 31
-427.49286 2 29 31
-429.0666 2 17 31
-439.0918 3 15 24 31
-440.1903 3 15 31 32
-440.99222 3 15 19 31
-444.06873 2 15 31
-448.67822 2 24 31
-454.06726 4 15 17 24 29
-456.88306 1 31
-457.8612 3 15 17 29
-460.35815 3 17 24 29
-464.41418 3 15 17 32
-464.48865 3 15 17 19
-465.62695 4 15 19 24 29
-468.33817 3 15 17 24
-469.84332 3 15 19 29
-471.93085 3 15 29 32
-472.91254 2 15 17
-477.0758 3 17 19 29
-477.2037 2 17 29
-488.91254 2 17 24
-489.99 3 15 19 32
-493.57468 2 17 19
-494.266 2 15 19
-494.6729 3 19 24 29
-495.97968 3 15 20 29
-498.26147 2 15 32
-499.37253 2 17 23
-499.6919 3 15 24 29
-501.11176 2 17 32
-501.87427 1 17
-504.1914 2 19 29
-506.76447 2 15 29
-511.71448 3 24 29 32
-516.49054 3 20 24 29
-522.08215 2 29 32
-524.6102 2 20 29
-525.5016 2 24 29
-526.121 2 15 20
-537.6962 1 29
-541.30994 2 19 24
-543.03314 1 19
-548.8159 2 15 28
-549.4206 1 15
-561.1156 2 24 32
-561.469 2 20 32
-564.4082 1 32
-569.6388 2 20 24
-569.9134 1 20
-586.99927 2 24 28
-587.7139 1 28
-588.51746 1 24
-589.28406 1 33
-590.6509 0
31 76
-397.15588 3 24 30 32
-406.5426 3 17 30 32
-409.33383 3 19 30 32
-414.05627 2 30 32
-420.76385 3 17 19 30
-423.14853 3 19 24 30
-438.91653 3 19 23 30
-440.6474 2 19 30
-453.80396 3 15 17 32
-456.96805 3 17 24 30
-458.80634 3 17 19 32
-459.766 4 15 19 24 32
-460.6717 3 17 20 30
-461.1162 3 15 19 32
-461.54553 3 17 24 32
-462.07837 3 15 17 30
-463.63818 2 17 30
-466.48846 3 15 24 32
-466.62482 3 20 24 30
-467.6944 2 17 32
-468.1694 3 15 24 30
-471.89062 3 15 17 19
-472.7764 3 19 24 32
-474.38452 2 24 30
-477.83856 2 15 32
-478.46265 3 17 19 24
-481.82733 3 15 20 30
-482.42667 2 20 30
-483.49435 3 15 19 24
-483.9079 3 19 23 32
-484.3824 2 19 32
-485.16852 2 17 19
-486.57974 2 15 30
-492.99216 2 23 30
-494.91016 3 15 19 23
-495.79968 1 30
-496.65552 2 15 19
-497.49823 3 24 29 32
-498.4863 2 24 32
-506.35617 2 19 24
-506.42004 3 15 17 24
-507.71527 3 15 17 20
-507.8988 2 15 17
-509.00192 2 29 32
-511.26166 2 23 32
-514.3793 2 20 32
-515.2163 1 32
-517.9894 2 19 23
-519.9099 2 19 29
-522.50543 3 17 20 24
-524.25885 1 19
-526.4734 2 17 20
-526.90967 2 17 24
-536.446 1 17
-555.7178 3 15 20 24
-561.1283 3 15 20 29
-562.1008 3 15 20 23
-562.2675 2 15 20
-574.3521 3 20 24 29
-576.08203 3 15 24 29
-578.76044 2 20 24
-580.3483 2 15 24
-581.09705 2 15 29
-581.3684 2 20 29
-586.9071 2 20 23
-588.92316 2 15 23
-591.9319 1 15
-592.2839 1 20
-600.2707 2 24 29
-609.07166 2 23 29
-609.15796 2 4 24
-612.1374 1 29
-614.22424 1 24
-624.41327 1 23
-627.7079 1 33
-629.5676 0
32 36
-404.2328 3 15 19 31
-419.3369 2 19 31
-422.85065 3 15 20 31
-434.85175 3 15 17 19
-435.4958 3 15 19 30
-436.2657 3 15 30 31
-437.23944 2 20 31
-439.77197 2 15 19
-440.14386 2 15 31
-454.96637 2 17 19
-457.5367 2 31 33
-459.21338 1 19
-463.36774 2 17 31
-464.24146 1 31
-470.16937 3 15 17 20
-474.59976 3 15 20 30
-486.00348 3 15 17 30
-494.502 2 15 17
-495.34927 2 17 20
-499.23633 2 15 20
-503.07812 2 15 30
-506.69952 2 20 30
-510.2735 2 20 33
-515.1441 1 20
-526.74994 2 17 33
-531.35657 2 17 30
-532.1194 1 17
-543.9539 2 15 33
-544.8097 2 30 33
-550.26294 2 15 29
-552.35046 1 30
-554.2373 1 15
-562.8973 2 29 33
-564.07996 1 33
-573.7396 1 29
-578.5928 0
33 32
-285.8723 2 32 34
-288.72473 2 19 34
-290.56873 2 14 34
-293.385 2 17 34
-293.78296 2 20 34
-294.68524 1 34
-321.4678 2 9 32
-322.3606 2 14 32
-322.7824 2 8 32
-322.9416 2 9 19
-324.21936 2 14 19
-325.0507 2 8 19
-326.12766 2 11 32
-327.01135 1 32
-328.27167 2 8 14
-328.5916 1 19
-330.43832 2 9 20
-330.9581 2 14 20
-330.9849 2 8 20
-331.19708 2 9 14
-333.14233 1 8
-333.63916 2 9 17
-334.1164 1 9
-334.23328 2 14 17
-334.43478 1 14
-334.5788 1 20
-337.25745 1 17
-339.66458 1 31
-340.03906 1 35
-340.15692 1 30
-340.6568 1 11
-341.52408 0
34 33
-332.0174 3 8 9 33
-336.17755 3 8 33 35
-336.6765 3 8 11 33
-338.5418 3 9 33 35
-343.4414 3 8 9 35
-349.98608 3 11 33 35
-350.62885 3 8 11 35
-353.88242 2 8 9
-356.3131 2 8 33
-357.79193 3 6 8 35
-361.176 3 9 11 33
-361.713 2 8 35
-361.83325 2 8 11
-363.48798 2 9 33
-363.6078 2 9 35
-374.29465 3 6 33 35
-377.04633 2 33 35
-377.48697 2 11 33
-380.5304 2 11 35
-382.62933 3 9 10 11
-388.06674 2 9 11
-388.31955 2 9 10
-388.61133 1 8
-396.55676 1 9
-403.36655 2 6 35
-412.4039 2 10 11
-416.09375 1 35
-417.4696 1 11
-429.52203 1 33
-473.45038 1 20
-474.18323 1 19
-476.01578 2 2 27
-476.36066 0
35 31
-544.6854 3 6 8 34
-544.97784 2 6 34
-573.7903 3 6 8 9
-574.2107 3 6 8 11
-581.35187 2 6 8
-591.4057 2 6 9
-592.4584 2 34 36
-592.7799 2 8 34
-592.9509 2 6 11
-594.4295 2 3 34
-596.0278 1 34
-610.1676 2 8 11
-610.4352 2 8 9
-617.5657 2 3 8
-617.7289 2 6 33
-619.51013 2 0 8
-619.6783 1 8
-620.53796 1 6
-628.4436 2 3 9
-628.48224 2 9 36
-630.1856 2 11 36
-630.4531 1 9
-632.76196 2 3 11
-633.70496 1 11
-649.3672 2 3 36
-650.6841 1 36
-652.61646 1 3
-654.8096 1 33
-655.0102 1 4
-655.89453 1 0
-656.2949 0
36 10
-659.12634 2 14 35
-660.80383 1 14
-667.037 1 35
-671.7352 1 12
-671.7824 1 4
-672.09705 1 21
-672.19147 1 27
-672.1978 1 6
-672.38477 1 8
-672.64746 0


4
1 4
7 9
24 14
6 13