48
0 5
-2174.169678 1 15
-1900.234009 1 3
-2225.710205 0
-2054.457031 1 9
-1586.901489 1 17
1 1
-1623.134033 0
2 2
-1063.979736 1 3
-1105.307373 0
3 14
-1223.972534 1 14
-1318.912964 1 11
-1189.500244 1 15
-1240.982422 1 13
-1289.109375 1 2
-1145.283691 1 10
-1330.437256 0
-1200.566040 1 7
-1323.851318 1 6
-1314.786621 1 9
-1004.960571 1 0
-1143.335083 1 17
-1312.253174 1 23
-285.711914 2 4 10
4 4
-2269.806152 1 11
-2433.802490 0
-1267.921631 2 3 10
-2127.494385 1 10
5 7
-1622.103394 2 10 11
-1047.860229 3 9 10 11
-1622.836670 0
-1594.735352 1 7
-1428.070557 1 6
-1596.086670 1 14
-1554.917358 1 15
6 12
-1385.839111 3 3 4 7
-1016.742859 2 7 10
-1389.607788 1 15
-2023.224121 0
-1214.814087 2 10 15
-1693.983398 1 13
-1828.457520 1 5
-1406.229858 1 7
-1872.483032 1 24
-1718.169312 1 14
-1893.135986 1 23
-2016.638550 1 3
7 22
-448.669006 2 13 15
-1413.844360 2 9 13
-1461.063599 1 14
-2151.788818 1 11
-1421.620117 1 13
-1322.582397 2 12 14
-597.481934 1 15
-879.454834 2 6 10
-2155.681885 0
-413.025726 3 12 13 15
-2127.580078 1 5
-1983.273315 1 10
-1038.591431 3 3 4 6
-1696.181763 1 24
-655.813843 2 23 24
-1197.345215 2 14 24
-370.998322 2 14 15
-1241.132324 2 13 24
-1031.441895 2 12 13
-1538.687744 1 6
-1911.592041 1 23
-2025.810913 1 3
8 2
-11.428054 1 42
-11.626714 0
9 8
-1149.782227 1 15
-1083.483032 2 10 11
-1179.910889 0
-1008.658081 1 0
-509.239624 3 5 10 11
-1164.261108 1 3
-1168.001343 1 17
-881.359741 1 12
10 15
-1112.871704 2 5 11
-1115.129028 1 11
-1491.345947 1 13
-1429.050903 1 3
-1276.489624 2 6 15
-1307.896240 1 4
-1441.795776 1 7
-1451.283325 1 15
-1052.309692 2 6 7
-1614.204346 0
-967.083740 2 9 11
-220.765549 3 5 9 11
-1575.307251 1 23
-106.666313 2 3 4
-1431.086792 1 14
11 13
-1510.368896 1 14
-1765.500122 1 3
-1737.708618 1 15
-1729.116821 1 13
-1773.131104 1 7
-1277.948730 1 10
-1613.027832 1 4
-1777.023682 0
-1470.560913 2 13 14
-232.951630 3 5 9 10
-1137.381836 2 9 10
-1198.820435 2 5 10
-1737.835693 1 23
12 6
-1077.809814 2 14 15
-926.576172 2 13 15
-1154.743896 0
-1071.624756 2 7 14
-856.192932 1 9
-827.399414 2 7 13
13 14
-415.269257 2 11 14
-455.076599 1 14
-1681.770630 1 11
-1278.848877 2 23 24
-587.896790 2 7 12
-995.616333 1 7
-1092.801025 1 15
-1729.678467 0
-1284.278809 1 23
-943.987305 2 7 15
-1400.437500 1 6
-1640.223511 1 3
-1606.819580 1 10
-853.310669 2 12 15
14 19
-1369.167847 1 11
-946.274597 2 12 15
-731.351929 3 7 12 15
-941.204956 1 7
-1030.927856 2 23 24
-777.709961 2 7 12
-102.665199 2 11 13
-1034.529663 1 15
-1309.067993 2 6 10
-1635.822998 0
-1091.920898 1 23
-1609.072632 1 5
-808.046448 2 7 15
-1040.867188 2 21 23
-1330.768311 1 6
-1208.202148 2 6 11
-361.221313 1 13
-1529.358276 1 3
-1452.705322 1 10
15 27
-1160.255981 1 14
-151.720490 2 7 13
-1722.233521 1 11
-1087.589966 3 3 4 6
-197.684128 2 7 12
-1027.961426 2 12 14
-692.879456 2 6 10
-1761.549072 0
-1693.629395 1 5
-1153.568481 2 9 14
-1112.801514 2 6 14
-1598.627930 1 10
-1093.566040 2 9 13
-1124.671875 1 13
-70.190880 2 7 14
-945.748047 2 13 24
-597.896179 2 23 24
-1371.270630 1 24
-922.763306 2 14 24
-203.349319 1 7
-1127.932617 1 6
-1727.122803 1 17
-833.668640 2 12 13
-1509.199341 1 23
-1710.008423 1 0
-1620.612427 1 3
-1731.419678 1 9
16 3
-1623.271729 0
-1435.020020 1 29
-1485.700684 1 18
17 6
-1915.006348 0
-1903.096436 1 9
-1880.580688 1 15
-1874.901001 1 18
-1727.904907 1 3
-1276.197998 1 0
18 10
-1436.210571 1 45
-1411.655396 2 16 45
-1550.433350 0
-1441.893188 1 44
-1435.932739 1 39
-1480.484009 1 34
-1394.939575 1 35
-1510.328003 1 17
-1412.862793 1 16
-1467.873291 1 46
19 2
-4480.362305 0
-4429.522949 1 38
20 1
-1609.779053 0
21 2
-1105.998291 0
-1079.307007 2 14 23
22 1
-1562.065674 0
23 13
-989.102173 2 14 21
-1153.228271 1 13
-1346.278198 1 15
-1580.443970 1 3
-888.243652 2 15 24
-1039.112793 2 14 24
-1559.439575 1 11
-1354.538208 1 7
-1468.540039 1 6
-1598.628174 0
-1559.730713 1 10
-1054.725708 1 14
-621.249268 2 7 24
24 6
-833.178711 2 7 23
-2025.967773 0
-1566.468262 1 7
-1635.689819 1 15
-1177.655151 2 15 23
-1875.227051 1 6
25 4
-922.497009 2 26 27
-2334.144531 0
-1510.700439 1 27
-1776.319702 1 32
26 2
-1659.015503 2 25 27
-2223.935059 0
27 6
-1070.921631 1 25
-714.827271 2 28 32
-1894.365723 0
-186.338028 2 25 26
-835.923767 1 32
-367.960602 2 31 32
28 4
-1260.818237 1 31
-2226.200928 0
-2161.132812 2 27 32
-546.454041 2 30 31
29 2
-1455.057983 1 16
-1643.309814 0
30 3
-1450.877563 1 31
-736.513306 2 28 31
-1526.297607 0
31 6
-2239.845215 1 32
-2248.763916 0
-1283.381226 1 28
-2173.343750 1 30
-1771.882324 2 27 32
-283.792480 2 28 30
32 6
-1381.323242 1 25
-880.706421 1 27
-598.263184 2 27 28
-1939.148193 0
-1930.229614 1 31
-164.555283 2 27 31
33 1
-1654.296631 0
34 7
-1900.415527 0
-1880.411499 1 45
-1886.894897 1 44
-309.422485 2 37 41
-1271.264771 1 41
-1830.465942 1 18
-1268.064575 4 35 41 44 45
35 19
-1557.207031 2 44 45
-1195.749634 3 37 39 46
-1290.040894 2 37 46
-804.111511 4 37 44 45 46
-1574.841675 1 45
-1307.094971 2 37 39
-1346.817139 2 37 45
-1144.972900 3 37 39 45
-1093.222290 4 37 39 45 46
-1744.055908 0
-1441.705444 2 37 44
-1177.537476 3 37 39 44
-1600.295288 1 44
-1566.850464 1 39
-944.331177 3 37 44 46
-1588.561768 1 18
-948.812256 3 37 44 45
-1171.584717 3 37 45 46
-1613.869263 1 46
36 2
-1329.027466 1 47
-1805.022217 0
37 19
-1736.137451 1 39
-1390.812378 3 35 45 46
-1520.291016 2 35 46
-985.802734 4 35 44 45 46
-1768.004517 1 45
-1905.629395 0
-1709.079224 1 44
-1550.488403 2 35 44
-1102.552734 3 35 44 45
-1332.871216 3 35 39 44
-1539.977905 2 35 45
-1705.867676 1 41
-744.024719 2 34 41
-1353.896729 4 35 39 45 46
-1436.003540 3 35 39 46
-1359.527832 3 35 39 45
-1476.383057 2 35 39
-1138.512329 3 35 44 46
-1844.121948 1 46
38 2
-1702.604248 0
-1651.764893 1 19
39 13
-1348.901123 1 37
-1518.392822 0
-626.486572 3 44 45 46
-953.614441 1 45
-636.587463 2 44 46
-1500.298218 1 43
-867.326660 2 45 46
-1002.058777 1 44
-740.308594 2 35 37
-1341.187256 1 35
-643.033936 2 44 45
-1403.891846 1 18
-888.383545 1 46
40 1
-2013.653564 0
41 4
-2098.016357 0
-1898.255005 1 37
-1468.865601 1 34
-264.785034 2 34 37
42 2
-11.427778 1 8
-11.626225 0
43 4
-1597.349731 1 45
-1634.568604 0
-1603.817993 1 44
-1616.473755 1 39
44 13
-900.227844 1 34
-243.216354 2 35 37
-882.998291 1 43
-657.125916 2 37 46
-769.987854 1 35
-661.363037 2 37 45
-913.748291 0
-718.422791 1 45
-397.414429 1 39
-717.198059 1 37
-805.208008 1 18
-673.224365 1 46
-700.787415 2 35 45
45 16
-950.385010 0
-283.531403 2 39 46
-754.502869 2 42 44
-913.166748 1 43
-711.970520 2 35 44
-194.007858 3 35 37 46
-385.606812 1 39
-752.975952 2 18 44
-755.059509 1 44
-243.887985 2 35 37
-930.381165 1 34
-836.162109 1 18
-781.170959 1 35
-812.760071 1 37
-656.325684 3 34 35 41
-304.588013 1 46
46 11
-1443.553955 1 37
-1374.874512 1 35
-1505.061768 0
-820.108704 2 44 45
-859.264587 1 45
-1264.536987 1 44
-817.903198 2 35 37
-875.051880 1 39
-1422.500732 1 18
-768.025940 3 35 37 45
-772.976929 2 39 45
47 2
-1195.544189 1 36
-1671.538818 0

1
36 20