56
0 2
-590.871887 1 36
-662.985229 0
1 2
-505.288452 0
-482.888092 1 19
2 7
-528.727112 1 50
-506.092621 1 46
-555.265503 0
-491.780884 1 18
-546.357056 1 19
-341.171875 1 16
-472.289581 1 20
3 3
-629.445557 1 7
-644.494751 0
-629.445557 1 6
4 3
-659.978394 1 7
-702.794800 0
-659.978394 1 6
5 3
-597.421143 1 7
-616.662598 0
-597.421143 1 6
6 6
-595.364075 1 4
-9.328148 1 7
-623.131226 1 3
-638.180298 0
-618.938782 1 5
-631.438477 1 11
7 6
-595.364075 1 4
-623.131226 1 3
-638.180298 0
-9.328148 1 6
-618.938782 1 5
-631.438477 1 11
8 2
-669.443604 0
-669.133301 1 10
9 3
-675.665894 0
-667.394897 1 11
-638.603027 1 10
10 4
-650.569702 1 9
-687.322144 1 8
-471.657135 1 11
-687.632446 0
11 7
-682.220093 1 9
-471.797516 2 6 10
-683.749146 1 7
-471.797516 2 7 10
-690.490967 0
-474.515808 1 10
-683.749146 1 6
12 3
-476.127808 0
-358.989410 1 14
-430.565521 1 15
13 3
-515.733276 0
-482.130524 1 14
-500.344208 1 15
14 6
-399.011688 1 12
-516.150024 0
-482.547394 1 13
-327.954559 1 15
-282.745178 2 12 15
-356.265503 2 12 13
15 6
-523.019470 1 13
-492.846161 1 12
-538.408569 0
-350.212921 1 14
-336.298553 2 7 14
-336.298553 2 6 14
16 19
-416.416534 2 44 50
-266.150635 2 18 46
-295.197479 2 20 50
-435.737000 1 50
-367.998535 1 46
-429.664185 2 43 50
-247.568497 2 20 46
-193.725662 3 2 18 46
-482.820679 0
-224.435974 2 2 46
-273.020782 2 18 20
-331.950378 1 18
-192.248917 3 2 20 46
-304.076935 1 20
-268.727112 1 2
-459.139557 1 19
-196.090927 2 2 20
-202.025452 2 2 18
-264.411377 2 2 15
17 3
-695.904175 0
-674.017700 1 18
-679.885986 1 20
18 11
-536.559387 1 50
-528.595825 1 46
-489.336243 1 2
-376.197662 2 16 17
-552.820923 0
-391.876831 2 16 19
-401.950439 1 16
-530.934387 1 17
-442.633331 1 20
-474.342804 2 2 19
-490.899567 1 19
19 11
-528.454407 1 50
-524.067505 1 46
-519.783630 1 2
-506.291809 1 1
-528.692017 0
-505.010742 1 16
-448.079285 2 1 18
-499.507599 1 20
-466.770691 1 18
-491.021515 2 1 20
-494.994354 2 1 16
20 11
-518.372681 1 46
-470.778748 1 2
-544.286194 1 50
-553.754761 0
-537.736511 1 17
-340.728424 2 16 17
-375.010742 1 16
-524.570190 1 19
-443.567078 1 18
-437.266937 2 2 18
-463.865509 2 2 17
21 4
-469.462097 1 42
-550.088745 0
-379.298798 2 41 42
-6.873299 1 38
22 2
-559.434998 1 23
-675.543091 0
23 4
-439.403992 1 22
-555.512085 0
-471.186432 2 32 34
-513.455566 1 34
24 1
-854.043091 0
25 38
-879.406860 2 39 45
-1113.640991 1 45
-939.507385 2 26 39
-30.216190 1 37
-1201.111328 0
-469.095856 2 33 45
-913.225464 2 27 39
-947.895935 1 39
-1163.412354 1 27
-376.546387 2 31 39
-491.130402 1 33
-107.335648 2 31 33
-1174.090576 1 26
-391.211548 3 27 33 39
-350.660645 3 27 31 39
-398.325623 2 33 39
-483.556305 2 27 33
-437.038574 2 27 31
-875.387878 2 39 47
-1152.662842 1 55
-1181.794556 1 51
-1189.238159 1 49
-484.346710 2 33 55
-1055.377197 1 52
-920.056519 2 39 55
-947.255005 2 39 51
-919.964294 2 39 53
-462.240936 2 33 47
-932.037659 2 39 52
-1140.642944 1 54
-916.047363 2 39 54
-1119.921265 1 47
-1147.477295 1 48
-1140.552002 1 53
-421.597443 2 31 45
-462.603851 1 31
-388.574799 3 33 39 47
-331.603363 3 31 39 45
26 8
-502.133423 1 25
-502.133423 1 37
-522.947388 1 39
-529.154175 0
-467.555878 1 31
-520.517212 1 33
-526.586975 1 49
-526.451355 1 55
27 6
-311.724213 1 25
-342.483765 1 45
-319.548309 2 31 33
-349.423218 0
-311.724213 1 37
-334.656677 1 33
28 3
-793.769714 1 33
-792.406189 1 39
-794.480835 0
29 3
-540.624146 0
-536.346191 1 34
-492.884186 1 32
30 3
-556.754333 1 32
-560.160767 1 34
-564.783813 0
31 35
-398.274292 2 26 33
-389.109680 2 27 33
-404.218048 1 33
-23.224781 1 37
-556.896851 2 39 49
-311.009552 2 33 39
-555.009521 2 39 47
-700.133606 1 26
-761.731934 0
-295.608002 3 27 33 39
-23.224491 1 25
-303.874908 3 26 33 39
-548.534180 2 26 39
-686.397827 1 53
-707.427429 1 55
-523.143921 2 39 53
-729.765442 1 51
-701.231750 1 49
-696.687500 1 48
-760.282166 1 45
-592.832764 1 39
-577.736084 2 39 51
-403.506134 2 33 52
-716.368591 1 54
-393.527161 2 33 54
-387.915070 2 33 55
-556.117920 2 39 52
-618.170227 1 52
-381.218201 2 33 45
-559.109924 2 39 55
-355.292938 2 33 47
-279.008270 3 33 39 47
-302.454407 3 33 39 55
-528.715759 2 39 54
-717.987122 1 47
32 6
-369.680695 2 23 34
-507.052826 1 29
-407.228333 2 29 34
-554.792847 0
-411.949860 1 34
-546.763245 1 30
33 31
-531.615295 2 39 45
-705.277405 1 54
-234.334885 3 31 39 45
-568.977051 1 39
-274.447083 3 31 39 47
-717.201843 1 55
-705.959167 1 45
-557.138184 2 27 39
-21.076664 1 37
-287.153809 2 31 39
-716.291077 1 27
-338.652710 2 27 31
-730.346252 1 28
-722.420715 1 26
-731.057373 0
-21.076542 1 25
-373.543610 1 31
-722.177551 1 47
-730.325623 1 49
-702.162598 1 53
-723.610046 1 51
-562.908997 2 39 53
-637.022278 1 52
-687.359497 1 48
-550.448486 2 39 47
-567.070007 2 39 55
-558.641052 2 39 54
-326.895233 2 31 45
-555.572998 2 39 52
-359.483459 2 31 47
-251.172379 3 27 31 39
34 8
-543.974670 1 29
-306.985199 2 23 32
-541.928345 1 44
-506.196198 1 23
-534.395142 1 43
-548.252808 0
-543.629578 1 30
-405.409698 1 32
35 2
-556.522766 1 36
-590.161133 0
36 6
-684.730103 1 44
-682.461060 1 43
-657.540588 1 35
-691.178833 0
-619.065674 1 0
-588.136230 2 0 35
37 38
-350.660522 3 27 31 39
-875.387878 2 39 47
-462.241058 2 33 47
-1147.477295 1 48
-421.597443 2 31 45
-1119.921265 1 47
-1189.238159 1 49
-398.325500 2 33 39
-932.037659 2 39 52
-484.346710 2 33 55
-1113.640991 1 45
-939.507324 2 26 39
-947.895935 1 39
-1201.111328 0
-879.406860 2 39 45
-30.216190 1 25
-913.225464 2 27 39
-331.603485 3 31 39 45
-1181.794556 1 51
-1163.412354 1 27
-491.130524 1 33
-107.335770 2 31 33
-391.211639 3 27 33 39
-376.546387 2 31 39
-483.556427 2 27 33
-437.038452 2 27 31
-1174.090576 1 26
-1152.662842 1 55
-1055.377197 1 52
-920.056519 2 39 55
-947.255005 2 39 51
-919.964294 2 39 53
-388.574982 3 33 39 47
-1140.642944 1 54
-469.095978 2 33 45
-916.047363 2 39 54
-1140.552002 1 53
-462.603973 1 31
38 4
-469.462097 1 42
-379.298798 2 41 42
-550.088745 0
-6.873299 1 21
39 21
-100.857582 1 33
-9.722538 1 37
-261.044556 1 45
-256.756989 1 51
-65.111176 2 31 54
-93.661880 2 33 48
-184.872726 1 48
-86.700508 2 33 45
-94.038834 1 31
-255.595551 1 41
-252.764008 1 54
-251.950195 1 49
-9.722538 1 25
-262.431946 1 43
-80.805946 2 33 52
-262.937866 0
-256.731079 1 26
-162.255371 1 52
-7.649082 2 31 33
-260.863129 1 28
-254.087021 1 55
40 3
-546.474182 1 42
-587.287720 0
-450.429169 1 41
41 10
-358.427063 2 40 42
-400.956177 1 40
-305.738220 3 21 40 42
-391.806366 2 39 40
-305.738220 3 38 40 42
-537.814331 0
-321.155701 2 21 42
-411.318878 1 42
-530.472046 1 39
-321.155701 2 38 42
42 9
-428.705414 1 41
-514.387695 1 40
-245.466522 2 38 41
-245.466522 2 21 41
-435.763306 2 21 40
-474.574493 1 38
-435.763306 2 38 40
-555.201050 0
-474.574493 1 21
43 8
-253.834427 2 46 50
-468.868195 1 39
-460.656281 1 36
-336.131165 1 50
-119.141129 1 44
-469.374390 0
-455.516632 1 34
-330.058350 2 16 50
44 9
-470.580841 1 36
-197.570511 2 46 50
-312.929260 1 50
-112.760468 2 43 50
-126.796684 1 43
-97.018875 3 43 46 50
-477.029663 0
-470.705353 1 34
-293.608887 2 16 50
45 10
-657.124451 2 33 39
-693.196960 1 47
-648.281494 2 31 33
-689.440247 1 27
-696.379517 0
-608.909424 1 37
-694.486145 1 39
-694.929626 1 31
-608.909424 1 25
-671.281189 1 33
46 13
-159.103455 3 16 44 50
-285.590118 2 20 50
-285.805237 1 50
-170.446609 2 44 50
-203.508652 2 43 50
-528.302856 0
-187.068253 3 16 43 50
-236.566284 2 16 50
-492.920807 1 20
-413.480469 1 16
-523.678223 1 19
-504.077759 1 18
-479.129944 1 2
47 7
-604.143921 1 31
-639.008850 1 33
-644.706238 1 45
-566.698975 1 25
-647.888794 0
-590.083679 2 31 33
-566.698975 1 37
48 6
-907.219727 1 31
-972.264526 0
-928.566467 1 33
-918.630676 1 25
-894.199280 1 39
-918.630676 1 37
49 7
-682.249329 1 26
-684.816650 0
-672.943665 1 37
-673.828796 1 39
-684.084595 1 33
-624.316284 1 31
-672.943665 1 25
50 19
-540.031616 1 20
-307.002686 1 46
-76.819313 2 43 46
-385.399780 1 44
-397.089111 2 2 43
-12.720540 2 44 46
-415.984894 2 18 43
-351.727051 2 16 43
-358.678345 2 2 44
-416.257263 1 43
-377.625885 2 18 44
-401.353455 2 20 43
-308.291504 2 16 44
-549.262451 1 19
-502.416382 1 16
-549.500122 0
-368.503479 2 20 44
-533.238647 1 18
-522.961731 1 2
51 6
-536.035706 1 25
-536.035706 1 37
-549.171509 1 39
-547.904846 1 33
-555.352417 0
-523.385742 1 31
52 7
-757.069153 1 25
-788.716492 2 33 39
-902.802979 0
-808.767761 1 33
-759.241150 1 31
-802.120422 1 39
-757.069153 1 37
53 5
-978.953857 0
-950.059082 1 33
-918.394897 1 25
-903.619568 1 31
-918.394897 1 37
54 7
-617.174438 1 31
-588.246704 2 31 39
-636.757751 1 33
-602.069641 1 25
-662.537964 0
-652.363953 1 39
-602.069641 1 37
55 7
-551.397400 1 26
-505.651855 1 25
-505.651855 1 37
-545.249390 1 39
-540.244568 1 33
-554.100464 0
-499.795746 1 31
3
38 42
24 12
13 19