tests/alarm_BIC.txt
tests/alarm_BIC.txt
10
-1
out.txt
BEST
Time (ms)	Score, followed by ordering next line
2	14404812075
23 24 34 6 35 3 29 30 31 13 19 32 33 5 0 18 36 12 14 21 20 16 11 9 8 7 10 22 17 28 26 25 27 4 2 1 15 
5	14402404425
30 24 31 19 17 29 0 5 32 13 20 33 34 18 4 3 6 11 15 28 25 2 9 10 26 8 7 35 27 16 36 14 21 12 23 22 1 
7	14395888645
6 34 33 18 10 9 11 13 3 5 4 32 19 31 8 7 2 35 36 12 24 30 29 23 20 16 15 1 0 17 22 28 25 27 14 21 26 
9	14394589145
10 23 24 29 30 28 27 13 31 4 2 1 5 3 6 0 26 19 20 32 33 34 35 36 21 12 25 15 14 9 8 11 7 17 16 22 18 
23	14392941535
27 16 28 0 5 4 2 25 10 1 13 26 29 23 24 30 31 19 20 18 32 33 34 3 6 15 9 8 7 35 36 12 21 17 11 22 14 
112	14392941315
0 5 10 4 3 18 25 28 23 2 27 26 29 24 30 31 19 32 16 20 33 34 9 8 7 6 1 35 11 36 21 12 22 13 15 17 14 
181	14392916315
23 13 6 5 0 25 24 3 4 28 27 26 29 30 31 16 19 32 33 34 20 35 8 7 2 9 11 10 15 36 17 18 21 22 1 12 14 
281	14390898445
10 27 28 23 24 26 29 13 30 31 4 3 19 5 6 32 33 20 0 34 18 9 8 35 36 15 21 25 14 2 22 1 7 17 16 11 12 
332	14390898225
10 23 25 28 24 27 26 29 30 13 31 19 32 4 33 3 20 5 6 2 1 0 18 17 34 9 8 35 36 21 12 15 22 7 16 11 14 
471	14390782475
23 13 25 24 28 27 26 29 30 31 4 19 32 16 2 3 5 6 33 34 0 20 35 8 9 36 14 18 7 10 15 21 17 22 11 1 12 
