32
0 1
-0.0 0
1 13
-1089.708008 2 4 18
-1093.058960 2 4 22
-1087.448120 2 4 9
-972.585999 2 4 7
-1095.179199 1 26
-1093.594482 1 22
-1091.411499 1 18
-1103.941284 1 10
-1090.834473 1 9
-972.963135 1 7
-1096.261230 1 4
-1100.255615 1 8
-1105.529541 0
2 1
-0.0 0
3 1
-0.0 0
4 6
-222.282745 2 21 23
-220.257706 1 27
-213.044205 1 1
-116.491562 1 10
-87.258575 1 8
-222.312256 0
5 19
-385.530670 4 10 13 27 30
-383.216888 4 8 13 27 30
-389.797882 3 13 27 30
-287.411407 3 6 13 30
-392.618683 3 13 24 27
-288.526764 3 6 13 24
-294.454437 2 6 31
-533.794617 2 13 30
-386.972137 2 10 27
-538.684448 2 13 24
-384.243256 2 8 27
-294.672699 2 4 6
-394.181061 1 27
-544.897339 1 21
-294.521698 2 6 20
-545.330933 1 31
-294.423431 2 6 27
-294.702148 1 6
-545.361084 0
6 13
-297.440399 2 10 27
-294.295013 2 8 27
-676.892273 2 24 30
-207.391739 2 5 27
-429.732483 2 5 10
-429.702026 2 5 8
-679.349976 1 30
-307.149811 1 27
-428.371826 2 4 5
-207.020920 3 5 8 27
-680.215210 1 10
-680.538330 0
-429.878937 1 5
7 10
-1014.074524 2 18 22
-868.323303 2 1 9
-1015.934143 1 26
-1023.861877 1 28
-1014.887512 1 22
-944.634949 1 9
-891.743958 1 1
-1019.222534 1 10
-1020.650635 1 8
-1024.310303 0
8 16
-211.287247 3 4 6 27
-219.334274 3 4 5 27
-344.041168 2 5 27
-224.632462 2 4 27
-341.124603 2 6 27
-366.162140 2 21 23
-75.836433 2 4 10
-229.380661 2 4 7
-102.136772 2 10 18
-353.979401 1 27
-366.525330 1 23
-362.941681 1 7
-231.547379 1 4
-361.327393 1 1
-104.183945 1 10
-366.600830 0
9 7
-833.161865 2 7 28
-883.316467 1 28
-997.421814 1 23
-919.269531 1 7
-984.249817 1 1
-998.701050 1 10
-998.944580 0
10 17
-320.841827 3 4 6 27
-324.253479 3 4 5 27
-326.686432 2 4 27
-419.014801 2 5 27
-333.877563 2 4 9
-176.077972 2 8 18
-176.849976 2 8 9
-331.847443 2 4 7
-426.224030 1 27
-439.774963 1 9
-434.930939 1 7
-334.197784 1 4
-438.430420 1 1
-416.514740 2 6 27
-177.601349 1 8
-439.695312 1 6
-440.018311 0
11 1
-0.0 0
12 1
-0.0 0
13 5
-71.612541 2 5 30
-58.075180 2 5 24
-83.705475 1 30
-66.911987 1 24
-171.624756 0
14 6
-1395.847412 1 22
-1386.013062 1 18
-1313.237915 1 16
-1097.775269 1 15
-1387.385742 1 29
-1397.540771 0
15 5
-1023.697998 2 14 16
-1121.829224 1 16
-1300.711670 1 29
-1054.202148 1 14
-1353.967529 0
16 5
-1057.936035 2 15 29
-1114.736450 1 15
-1121.254883 1 29
-1262.572021 1 14
-1346.874756 0
17 1
-0.0 0
18 12
-271.301819 3 1 21 25
-92.268005 2 7 22
-271.543060 2 1 14
-288.215820 2 8 10
-135.718781 1 26
-273.792206 1 25
-282.630310 1 23
-93.081329 1 22
-276.734375 1 14
-274.144287 1 1
-271.641479 2 1 25
-288.261963 0
19 3
-408.615387 1 20
-514.821167 1 31
-657.671143 0
20 5
-363.677185 2 21 31
-259.497559 2 19 31
-364.807526 1 31
-428.039032 1 19
-677.094971 0
21 15
-30.819130 2 10 25
-31.088282 2 25 31
-30.899420 2 4 25
-26.035177 2 8 23
-25.244152 2 4 23
-30.973246 2 16 25
-31.501234 2 8 25
-30.754478 2 22 25
-49.078907 2 20 31
-31.508883 2 25 26
-31.796108 1 25
-26.398384 1 23
-50.209373 1 31
-50.279057 0
-49.815220 1 5
22 11
-97.199821 2 18 26
-422.206299 2 21 25
-228.687973 2 7 18
-131.686554 1 26
-423.248260 1 25
-437.894470 1 23
-244.642441 1 18
-430.400665 1 7
-438.130127 1 14
-427.888428 1 1
-439.822998 0
23 22
-88.023239 3 4 21 26
-87.852112 3 4 21 22
-83.820076 3 8 18 21
-84.755539 3 4 18 21
-45.096924 2 21 25
-88.055962 2 21 26
-85.401794 2 18 21
-88.661507 2 8 21
-88.642578 2 21 22
-87.793343 3 8 21 26
-112.589043 2 22 31
-89.500648 2 4 21
-112.463409 1 26
-48.714565 1 25
-112.924591 1 22
-87.022911 3 8 21 22
-109.221535 1 18
-90.972542 1 21
-113.330643 1 9
-114.365135 1 31
-114.777618 1 8
-114.853279 0
24 7
-51.063763 3 6 13 30
-62.745174 2 6 30
-52.986538 2 13 30
-162.192307 2 5 13
-65.203522 1 30
-170.347702 1 13
-275.060303 0
25 11
-145.504211 2 21 26
-141.654724 2 18 21
-108.098145 2 18 23
-137.600586 2 21 22
-102.333397 2 22 23
-166.571320 1 26
-109.677681 1 23
-159.241486 1 22
-161.346542 1 18
-157.333374 1 21
-175.816650 0
26 9
-557.639893 2 21 25
-414.205566 2 7 18
-557.927429 1 25
-564.782654 1 23
-259.035919 1 22
-414.629242 1 18
-558.796631 1 7
-556.822571 1 1
-567.172607 0
27 13
-300.225403 2 6 10
-521.806213 2 5 10
-297.043304 2 6 8
-519.819458 2 5 8
-323.093109 2 4 6
-323.127258 2 5 6
-542.234619 2 4 5
-694.740234 1 4
-683.000366 1 10
-684.173096 1 8
-323.406250 1 6
-696.794678 0
-545.614319 1 5
28 3
-913.593811 1 9
-1028.773682 1 7
-1029.221924 0
29 4
-1110.957397 1 16
-1283.321411 1 15
-1326.422363 1 14
-1336.577393 0
30 8
-123.374008 2 5 24
-117.689362 2 6 24
-232.962814 2 5 13
-243.854004 2 6 13
-246.008347 1 13
-124.070679 1 24
-332.739258 1 6
-333.927490 0
31 10
-266.493439 3 8 20 21
-267.229248 3 10 20 21
-267.913422 3 20 21 25
-267.990967 2 20 21
-270.631989 1 20
-440.069305 1 19
-582.431091 1 23
-582.849487 1 21
-582.888733 1 5
-582.919189 0

1
6 29