32
0 1
-0.000000 0
1 10
-1096.012817 1 26
-970.532349 1 7
-1099.612427 1 22
-1096.301392 1 4
-1085.736328 2 4 9
-1102.728638 1 10
-1087.652222 1 9
-1093.987915 1 18
-1099.344360 1 8
-1104.960449 0
2 1
-0.000000 0
3 1
-0.000000 0
4 5
-220.287155 1 27
-213.426575 1 1
-117.366249 1 10
-88.631386 1 8
-222.085709 0
5 8
-394.087921 1 27
-388.549408 2 10 27
-295.170685 1 6
-542.922424 2 13 24
-545.135498 0
-386.039642 2 8 27
-543.517700 2 13 30
-544.879944 1 31
6 7
-307.132843 1 27
-430.347687 1 5
-211.050858 2 5 27
-296.593842 2 8 27
-299.420990 2 10 27
-679.791565 1 10
-680.312744 0
7 9
-1019.776550 1 26
-857.111206 2 1 9
-1020.937683 1 22
-889.352661 1 1
-1019.892151 1 8
-942.324097 1 9
-1018.208557 1 10
-1023.780823 0
-1020.790894 1 28
8 11
-353.698273 1 27
-362.486145 1 7
-232.920456 1 4
-225.141281 3 4 6 27
-345.649506 2 5 27
-228.591141 2 4 27
-360.758606 1 1
-105.102577 1 10
-82.543053 2 4 10
-366.374786 0
-343.159271 2 6 27
9 6
-916.970337 1 7
-981.118774 1 1
-997.722229 1 10
-998.426819 0
-881.353394 1 28
-829.911926 2 7 28
10 11
-425.805695 1 27
-439.271271 1 6
-439.087463 1 9
-434.220032 1 7
-418.093842 2 6 27
-420.266693 2 5 27
-329.177094 2 4 27
-437.560364 1 1
-335.072784 1 4
-178.520065 1 8
-439.792267 0
11 1
-0.000000 0
12 1
-0.000000 0
13 5
-68.101112 1 24
-82.561646 2 5 30
-63.432209 2 5 24
-171.398209 0
-86.960266 1 30
14 5
-1390.025879 1 18
-1096.301636 1 15
-1305.250122 1 16
-1396.531494 0
-1378.654907 1 29
15 5
-1120.096313 1 16
-1052.770142 1 14
-1353.000244 0
-1024.567871 2 14 16
-1293.063599 1 29
16 5
-1059.359741 2 15 29
-1254.633423 1 14
-1345.915283 0
-1113.011108 1 15
-1119.636353 1 29
17 1
-0.000000 0
18 6
-147.637375 1 26
-108.771156 1 22
-280.574341 1 25
-277.373169 1 1
-288.345734 0
-281.839752 1 14
19 3
-409.383820 1 20
-657.445557 0
-515.579651 1 31
20 4
-676.868896 0
-428.807404 1 19
-265.094818 2 19 31
-365.306671 1 31
21 3
-30.751770 1 23
-35.963684 1 25
-50.048115 0
22 6
-154.934326 1 26
-437.870056 1 7
-435.365173 1 1
-435.794861 1 25
-440.713196 0
-261.138611 1 18
23 3
-96.121666 1 21
-59.970825 1 25
-115.418007 0
24 5
-274.834259 0
-171.537155 1 13
-167.355057 2 5 13
-63.551880 2 13 30
-68.617493 1 30
25 5
-120.831177 1 23
-176.278366 0
-171.360031 1 22
-162.193924 1 21
-168.506958 1 18
26 5
-558.585388 1 1
-426.824646 1 18
-281.754150 1 22
-563.528748 1 7
-567.533020 0
27 11
-542.989807 2 4 5
-302.212006 2 6 10
-323.389435 1 6
-545.521545 1 5
-694.770569 1 4
-683.892639 1 8
-523.238586 2 5 10
-682.582581 1 10
-299.363617 2 6 8
-521.497131 2 5 8
-696.569092 0
28 3
-911.615601 1 9
-1025.699341 1 7
-1028.689453 0
29 4
-1317.754517 1 14
-1109.352661 1 16
-1275.694702 1 15
-1335.631592 0
30 4
-127.964928 1 24
-249.743729 1 13
-246.156906 2 5 13
-334.181671 0
31 4
-440.827911 1 19
-271.131378 1 20
-582.438049 1 5
-582.693604 0
