17
0 49
-71.197433 0
-60.605623 1 1
-34.946174 1 2
-27.302178 1 3
-60.918834 1 5
-48.835798 2 1 5
-33.977472 2 2 5
-24.82956 2 3 5
-60.388927 2 4 5
-27.094634 2 3 6
-60.104592 1 7
-34.898042 2 2 7
-43.482894 2 5 7
-33.963362 2 2 8
-26.756209 2 3 8
-63.757787 2 4 8
-57.401571 3 4 5 8
-59.841684 1 9
-44.994683 2 1 9
-34.898042 2 2 9
-58.597676 2 4 9
-46.219717 2 7 9
-58.530887 3 4 8 9
-32.51842 2 2 10
-68.811357 2 4 10
-58.610233 2 7 10
-68.973251 1 11
-57.183516 2 1 11
-25.682985 2 3 11
-51.320757 2 7 11
-56.891293 3 1 8 11
-62.752249 3 4 8 11
-58.29379 1 12
-56.687572 2 1 12
-54.602102 2 7 12
-26.904428 2 3 13
-70.835399 2 4 13
-56.890588 3 1 11 13
-67.093245 3 4 11 13
-62.741977 1 15
-55.138403 2 1 15
-53.567233 2 5 15
-46.499969 3 1 5 15
-57.096469 2 7 15
-55.908589 2 9 15
-60.83447 2 11 15
-52.924009 3 1 11 15
-49.773556 3 7 11 15
-29.689355 1 16
1 53
-52.569705 0
-41.977896 1 0
-42.39628 1 2
-42.805971 1 3
-35.615761 1 4
-28.512538 2 0 4
-34.795234 2 2 4
-34.908037 2 3 4
-32.341008 1 7
-31.65591 2 4 7
-50.446758 1 8
-39.546648 2 0 8
-38.294786 2 2 8
-38.294786 2 3 8
-30.535908 2 4 8
-29.622881 3 2 4 8
-29.622881 3 3 4 8
-15.932235 2 7 8
-49.601932 1 9
-34.754931 2 0 9
-36.250159 2 2 9
-36.250159 2 3 9
-31.356003 2 7 9
-35.212031 3 3 8 9
-50.720569 1 11
-38.930834 2 0 11
-40.72259 2 2 11
-41.284937 2 3 11
-49.715304 2 8 11
-36.422394 3 0 8 11
-36.422394 3 2 8 11
-36.422394 3 3 8 11
-29.29694 1 12
-27.690723 2 0 12
-27.690723 2 2 12
-27.690723 2 3 12
-27.690723 2 7 12
-48.108758 1 13
-38.294786 2 0 13
-36.250159 2 2 13
-36.956128 2 3 13
-29.992492 2 4 13
-29.087331 3 2 4 13
-29.273951 3 3 4 13
-18.136126 2 7 13
-47.822447 2 9 13
-32.50579 3 2 9 13
-32.50579 3 3 9 13
-47.011401 2 11 13
-33.912061 3 0 11 13
-32.50579 3 2 11 13
-33.912061 3 3 11 13
-16.152922 1 16
2 45
-70.877899 0
-34.626641 1 0
-60.704474 1 1
-18.085082 1 3
-64.813061 1 4
-30.649926 2 0 4
-65.512236 1 5
-55.137986 2 1 5
-57.257178 2 4 5
-47.8836 1 7
-22.67705 2 0 7
-17.901197 2 3 7
-37.203765 2 5 7
-66.002377 1 8
-28.435384 2 0 8
-53.850405 2 1 8
-62.697009 2 4 8
-61.645943 2 5 8
-48.295102 3 1 5 8
-64.062218 1 9
-50.710445 2 1 9
-54.510794 2 4 9
-37.094291 2 7 9
-63.130291 2 8 9
-48.782935 3 1 8 9
-32.258899 2 0 10
-42.460633 2 7 11
-60.866904 1 12
-59.260687 2 1 12
-70.586451 1 13
-33.650231 2 0 13
-58.727852 2 1 13
-69.940992 2 11 13
-55.435382 3 1 11 13
-59.281089 1 15
-51.834749 2 1 15
-58.855643 2 4 15
-56.298313 2 5 15
-50.534956 3 1 5 15
-43.409564 2 7 15
-55.537677 2 9 15
-47.543118 3 1 9 15
-36.874943 3 7 9 15
-39.940746 3 7 11 15
-26.60704 1 16
3 54
-70.517604 0
-26.622349 1 0
-60.753869 1 1
-17.724787 1 2
-14.504842 2 0 2
-64.865023 1 4
-20.989936 2 0 4
-65.697393 1 5
-55.966819 2 1 5
-58.243224 2 4 5
-48.564551 1 7
-18.527355 2 0 7
-35.293444 2 5 7
-62.140312 1 8
-17.366167 2 0 8
-49.98834 2 1 8
-59.254977 2 4 8
-58.203911 2 5 8
-44.85307 3 1 5 8
-56.367737 3 4 5 8
-60.041892 1 9
-46.690119 2 1 9
-50.490468 2 4 9
-33.49183 2 7 9
-55.825409 2 8 9
-40.26769 3 1 8 9
-68.425745 1 10
-25.698726 2 0 10
-59.273777 2 1 10
-14.191039 2 2 10
-64.800053 2 4 10
-48.533858 2 7 10
-44.043753 2 7 11
-56.356125 1 12
-54.749907 2 1 12
-70.479676 1 13
-24.001009 2 0 13
-59.327046 2 1 13
-70.145108 2 11 13
-57.045768 3 1 11 13
-55.258288 1 15
-22.996012 2 0 15
-47.864735 2 1 15
-55.146194 2 4 15
-51.5479 2 5 15
-46.194187 3 1 5 15
-41.578993 2 7 15
-33.640499 3 5 7 15
-55.008003 2 8 15
-49.16211 2 9 15
-40.127565 3 1 9 15
-32.439671 3 7 9 15
-38.899222 3 7 11 15
-16.152922 1 16
4 32
-57.688423 0
-40.734479 1 1
-51.623584 1 2
-52.035842 1 3
-50.139279 2 2 5
-50.940169 2 3 5
-55.547708 1 6
-55.414394 2 0 6
-40.43659 2 1 6
-50.389438 2 2 6
-50.623861 2 3 6
-40.942975 1 7
-40.257878 2 1 7
-51.701715 2 0 8
-39.563432 2 1 8
-53.484265 1 9
-52.240257 2 0 9
-43.932841 2 2 9
-43.932841 2 3 9
-38.506039 2 7 9
-51.264716 3 0 8 9
-55.879279 2 0 10
-54.869766 1 11
-48.906817 2 2 11
-49.492835 2 3 11
-37.761361 1 12
-57.443727 2 0 13
-53.079442 1 15
-37.650476 2 1 15
-48.213465 2 9 15
-52.451418 2 11 15
-38.650908 1 16
5 28
-68.092878 0
-57.81428 1 0
-62.727215 1 2
-63.272667 1 3
-57.762678 2 0 4
-61.242909 2 2 4
-62.176993 2 3 4
-62.845808 1 6
-55.157038 2 0 6
-57.818754 2 2 6
-58.66904 2 3 6
-53.635328 2 0 7
-59.577191 2 2 7
-56.985919 2 3 7
-53.380556 3 0 6 7
-57.490285 3 2 6 7
-56.67773 3 3 6 7
-48.66764 1 9
-48.589845 2 6 9
-49.524218 1 11
-46.077965 2 0 11
-47.366837 2 2 11
-47.767116 2 3 11
-48.345175 2 6 11
-45.392739 2 9 11
-65.883044 1 12
-67.283568 1 14
-54.671052 1 16
6 6
-71.715226 0
-69.574511 1 4
-66.468155 1 5
-70.267059 1 9
-69.696481 2 9 11
-68.900563 1 14
7 60
-70.116249 0
-59.023407 1 0
-49.887551 1 1
-47.121949 1 2
-47.073817 2 0 2
-40.975828 2 1 2
-48.163195 1 3
-41.607384 2 1 3
-53.370801 1 4
-44.920791 2 0 4
-49.41095 2 1 4
-39.431205 2 2 4
-40.009547 2 3 4
-54.844456 2 0 5
-43.971926 2 2 5
-41.876447 2 3 5
-52.612651 1 8
-44.333877 2 0 8
-18.098129 2 1 8
-38.294786 2 2 8
-43.043699 2 3 8
-35.519125 2 4 8
-32.50579 3 2 4 8
-42.865232 3 0 5 8
-58.580395 2 0 9
-45.234435 2 2 9
-45.652299 2 3 9
-52.423719 2 8 9
-41.437041 3 0 8 9
-34.487756 3 2 8 9
-38.907143 3 3 8 9
-57.917253 2 0 10
-62.74421 1 11
-45.091715 2 0 11
-48.979769 2 1 11
-33.471781 2 2 11
-35.270023 2 3 11
-52.766163 2 4 11
-42.492228 3 0 4 11
-51.240176 2 8 11
-40.138839 3 0 8 11
-50.419044 1 12
-46.727357 2 0 12
-48.812827 2 1 12
-42.761639 2 2 12
-46.304341 2 3 12
-67.616551 1 13
-57.227344 2 0 13
-37.643918 2 1 13
-50.503396 2 4 13
-44.197589 3 0 4 13
-53.769574 3 0 5 13
-62.792374 2 9 13
-49.948662 3 0 9 13
-41.186459 3 2 9 13
-41.186459 3 3 9 13
-66.19707 1 15
-48.581964 2 1 15
-60.673725 2 11 15
-23.35621 1 16
8 32
-49.64427 0
-47.521323 1 1
-44.768748 1 2
-43.785936 2 0 2
-40.667254 2 1 2
-41.266979 1 3
-40.721009 2 0 3
-36.755794 2 1 3
-43.762876 2 0 4
-46.350276 2 1 4
-32.140673 1 7
-15.731901 2 1 7
-30.235209 2 7 9
-49.558868 1 10
-49.131198 2 0 10
-48.259827 1 11
-47.254562 2 1 11
-46.96234 3 0 1 11
-44.155851 2 2 11
-39.855655 3 1 2 11
-40.508908 2 3 11
-35.646365 3 1 3 11
-43.668116 2 9 11
-29.096522 1 12
-26.696774 1 13
-22.253922 2 2 13
-22.360697 2 3 13
-13.343674 2 7 13
-44.121977 1 15
-42.71102 2 1 15
-26.538938 2 13 15
-16.152922 1 16
9 38
-53.93763 0
-42.581881 1 0
-50.969857 1 1
-35.358917 2 0 1
-47.121949 1 2
-40.975828 2 1 2
-43.461919 1 3
-36.906107 2 1 3
-49.733472 1 4
-36.906107 2 0 4
-39.431205 2 2 4
-35.358917 2 3 4
-34.512392 1 5
-33.247623 2 1 5
-32.710008 2 3 5
-34.210043 2 4 5
-52.489464 1 6
-42.138869 2 0 7
-45.234435 2 2 7
-40.951023 2 3 7
-33.399972 2 5 8
-50.882676 2 6 8
-40.307573 1 11
-35.779249 2 0 11
-33.471781 2 2 11
-30.672742 2 3 11
-37.913275 2 6 11
-35.715862 2 8 11
-38.993568 1 12
-51.037243 2 7 13
-39.650182 3 0 7 13
-43.793919 3 2 7 13
-39.512599 3 3 7 13
-32.761828 3 5 7 13
-36.84433 2 11 13
-49.163441 2 4 15
-39.284741 2 11 15
-24.763577 1 16
10 5
-30.267447 0
-29.626699 2 0 2
-28.175589 1 3
-29.95769 2 0 4
-30.182045 1 8
11 31
-48.081495 0
-45.857313 1 0
-46.232358 1 1
-42.810251 2 0 1
-45.262837 1 4
-43.473257 2 0 4
-29.512835 1 5
-40.709455 1 7
-31.925621 2 0 7
-35.286488 2 2 7
-36.188657 2 3 7
-22.431424 2 5 7
-46.697051 1 8
-45.3509 2 0 8
-45.965598 2 1 8
-42.226647 3 0 1 8
-34.451437 1 9
-33.880859 2 6 9
-26.512857 2 7 9
-28.105701 2 8 9
-32.256023 1 12
-47.729215 1 13
-44.336047 2 0 13
-39.953322 3 0 1 13
-47.083756 2 2 13
-43.339387 3 1 2 13
-47.394646 2 3 13
-44.350578 3 1 3 13
-43.29444 3 0 4 13
-28.712125 2 9 13
-29.260236 1 16
12 35
-153.920592 0
-141.016949 1 0
-130.647827 1 1
-126.729776 2 0 1
-143.909596 1 2
-129.20404 2 1 2
-139.759113 1 3
-124.643865 2 1 3
-133.99353 1 4
-128.806662 2 0 4
-151.710758 1 5
-134.223388 1 7
-128.720898 2 0 7
-129.573103 2 1 7
-133.372843 1 8
-132.032359 2 0 8
-126.068387 2 1 8
-125.505284 2 4 8
-131.68298 2 7 8
-138.976529 1 9
-127.913165 2 7 9
-126.86961 2 8 9
-138.095121 1 11
-129.110583 2 1 11
-134.187753 2 3 11
-133.69448 2 4 11
-132.362554 2 7 11
-126.930685 2 8 11
-146.564825 1 13
-137.251039 2 0 13
-143.492459 2 2 13
-139.703319 2 3 13
-131.937614 2 7 13
-153.30536 1 15
-127.723396 1 16
13 20
-59.912614 0
-55.451667 1 1
-59.621165 1 2
-53.475045 2 1 2
-59.874686 1 3
-59.476936 2 0 3
-54.024844 2 1 3
-57.412916 1 7
-43.208034 2 1 7
-36.965118 1 8
-52.426415 2 7 9
-59.560334 1 11
-57.768265 2 2 11
-49.551465 3 1 2 11
-58.187502 2 3 11
-50.814626 3 1 3 11
-56.097091 2 9 11
-52.556847 1 12
-59.075948 1 15
-38.721808 1 16
14 3
-41.084751 0
-40.275441 1 5
-38.270089 1 6
15 14
-71.476466 0
-63.02101 1 0
-59.879656 1 2
-56.217151 1 3
-66.867485 1 4
-58.813764 2 0 4
-67.557288 1 7
-65.954173 1 8
-60.607062 2 0 8
-64.090473 2 4 8
-66.297454 2 4 9
-70.861234 1 12
-70.6398 1 13
-63.725077 1 16
16 49
-181.203342 0
-139.695264 1 0
-144.786558 1 1
-130.023212 2 0 1
-136.932483 1 2
-126.842046 2 1 2
-126.838659 1 3
-116.338532 2 1 3
-162.165826 1 4
-134.754361 2 0 4
-167.781516 1 5
-134.443304 1 7
-120.130343 2 0 7
-134.408139 2 1 7
-124.365717 2 2 7
-118.184596 2 3 7
-132.759671 2 5 7
-147.711993 1 8
-122.023916 2 0 8
-129.571079 2 1 8
-124.469578 2 2 8
-117.877524 2 3 8
-143.041541 2 4 8
-152.029288 1 9
-138.029882 2 0 9
-134.7332 2 1 9
-126.883733 2 2 9
-124.293239 2 3 9
-119.083387 2 7 9
-134.32128 2 8 9
-162.382083 1 11
-134.032442 2 0 11
-143.967358 2 1 11
-133.304989 2 2 11
-123.169988 2 3 11
-162.105377 2 4 11
-146.4281 2 8 11
-155.006145 1 12
-160.012536 1 13
-132.1466 2 0 13
-144.209621 2 1 13
-128.774865 2 2 13
-121.838703 2 3 13
-154.499824 2 4 13
-159.483479 2 5 13
-131.744765 2 7 13
-143.726328 2 9 13
-157.530328 2 11 13
-173.451953 1 15