37
0 5
-44.683147 1 9
-72.825462 0
-70.135780 1 30
-58.423645 1 1
-40.822388 2 1 9
1 2
-457.492218 0
-443.090424 1 0
2 9
-159.917801 1 31
-164.909973 1 25
-163.621658 1 33
-164.989517 0
-161.365311 1 10
-162.741516 1 13
-162.692688 1 12
-163.594315 1 8
-164.429993 1 15
3 18
-285.276031 1 29
-270.173828 2 15 29
-181.011871 2 10 29
-250.770996 2 8 15
-322.052734 2 8 13
-298.101074 2 8 12
-161.845535 2 9 10
-155.710602 2 8 10
-325.055725 2 7 8
-251.341965 1 33
-220.139801 2 29 33
-328.760284 0
-184.227707 1 10
-305.604889 1 31
-193.496414 2 9 33
-177.912262 2 8 33
-225.295975 1 9
-318.059204 1 15
4 18
-350.328247 2 15 31
-361.392578 2 13 31
-345.898315 2 12 31
-349.827789 1 33
-423.498138 1 18
-424.080597 0
-348.495758 1 10
-383.997467 1 31
-345.807617 2 6 12
-346.960358 2 6 10
-212.304764 2 6 7
-365.416626 1 13
-356.411285 1 8
-352.669312 2 6 15
-219.296310 1 7
-113.721840 1 5
-351.819946 1 12
-356.360962 1 15
5 19
-533.326416 2 13 31
-555.142578 1 31
-518.911987 2 15 31
-512.184204 2 12 31
-545.434204 2 6 13
-249.333252 2 6 7
-268.103455 2 4 7
-513.363037 1 33
-625.813293 0
-511.408447 1 10
-518.311157 2 6 12
-545.444275 1 13
-524.781494 1 8
-529.243164 2 6 15
-291.456543 1 7
-535.625427 1 15
-315.454529 1 4
-617.852661 1 18
-526.664490 1 12
6 23
-268.627411 2 31 33
-273.759521 2 13 31
-285.536469 1 31
-271.687378 2 15 31
-267.001099 2 12 31
-272.572235 2 10 31
-284.364716 2 8 31
-275.820404 1 33
-274.646912 2 4 12
-315.149689 0
-277.899506 1 10
-272.305908 2 5 12
-290.179016 1 13
-157.500916 2 4 7
-281.610291 2 4 15
-290.168701 2 5 13
-278.919678 2 5 15
-122.368759 2 5 7
-288.326752 1 8
-276.363525 2 4 10
-164.492020 1 7
-285.302063 1 15
-280.659485 1 12
7 43
-505.031616 2 15 31
-525.368896 2 13 31
-487.364380 2 12 31
-470.159302 2 10 31
-503.045044 2 8 31
-552.807129 2 4 31
-774.392822 1 29
-550.808960 2 6 31
-507.081177 2 6 13
-415.906403 2 4 6
-433.695068 2 5 13
-513.255676 2 4 13
-539.875732 1 33
-425.229736 2 5 15
-477.433228 2 31 33
-783.693176 0
-536.671143 1 10
-466.092316 2 6 33
-433.945801 2 5 33
-485.923584 2 4 33
-640.319824 1 31
-626.214233 2 6 18
-474.421021 2 6 12
-409.414307 2 5 12
-458.346222 2 6 10
-447.636230 2 5 8
-557.422119 2 3 8
-247.301361 2 5 6
-607.909607 1 13
-502.867920 2 4 8
-432.161621 2 5 10
-473.354309 2 6 8
-562.034912 1 8
-767.626587 1 18
-495.442383 2 6 15
-484.076965 2 4 12
-482.551270 2 4 10
-506.323547 2 4 15
-633.035156 1 6
-578.908630 1 4
-591.793884 1 15
-449.336182 1 5
-565.930603 1 12
8 42
-579.192627 1 29
-184.449951 2 15 29
-354.746826 2 13 29
-269.505127 2 12 29
-448.468750 2 7 29
-576.248047 2 6 29
-565.149658 2 4 29
-215.104004 2 10 29
-649.549683 2 6 18
-393.171265 2 7 15
-418.648804 2 9 13
-331.416748 2 15 33
-568.816895 2 18 29
-440.660461 2 3 13
-337.073975 1 33
-363.138062 2 9 15
-607.570923 2 4 6
-351.473938 2 3 12
-704.531555 0
-295.158691 2 29 33
-227.134521 1 10
-370.756226 2 9 12
-696.819824 1 31
-325.347168 2 9 33
-450.420349 1 13
-703.474731 1 9
-624.445679 2 4 18
-704.445740 1 19
-576.667603 2 5 6
-263.644287 2 3 33
-565.133789 2 5 29
-482.873535 1 7
-326.617004 2 3 15
-464.331604 2 3 7
-198.616943 2 3 10
-636.862244 1 4
-677.708496 1 6
-603.499756 1 5
-703.136841 1 2
-388.603455 1 12
-666.225220 1 18
-393.905212 1 15
9 25
-314.082062 1 30
-295.558197 1 29
-288.648193 2 15 29
-275.766266 2 0 29
-282.690369 2 13 15
-289.751892 2 12 13
-243.820068 2 10 13
-270.183350 2 8 13
-283.505493 2 0 13
-303.649658 2 8 12
-243.412277 2 0 10
-298.170502 1 33
-280.414795 2 8 15
-315.149689 0
-262.083588 1 10
-285.313721 2 13 33
-286.443695 2 8 33
-279.081207 2 0 33
-314.123077 1 20
-301.954895 1 13
-314.092865 1 8
-184.650024 2 0 3
-211.685364 1 3
-311.181946 1 15
-287.007355 1 0
10 62
-344.828857 2 12 33
-795.516357 1 29
-328.108154 2 15 29
-535.994873 2 13 29
-430.983643 2 12 29
-777.079102 2 9 29
-781.535645 2 6 29
-771.008057 2 4 29
-872.078064 1 21
-780.446533 2 9 18
-494.023315 2 9 13
-449.327454 2 3 13
-355.261475 2 8 12
-792.117920 2 6 9
-763.154663 2 4 9
-517.958557 2 3 7
-710.547363 2 3 6
-692.244446 2 3 4
-292.640381 2 15 33
-773.959473 2 18 29
-371.748779 1 33
-357.181458 2 12 15
-361.161987 2 9 15
-299.692627 2 8 15
-756.035767 2 4 6
-338.228333 2 3 12
-873.028259 1 32
-875.759583 0
-404.425171 2 9 12
-855.431641 1 31
-353.109375 2 9 33
-326.035645 2 8 33
-342.085693 2 3 33
-628.319153 2 7 18
-795.466675 2 6 18
-356.077637 2 8 9
-593.393433 2 7 9
-552.158630 1 13
-438.731873 1 12
-822.693481 1 9
-774.036499 2 4 18
-732.406250 2 5 9
-715.029419 2 5 6
-752.208496 2 5 18
-691.252197 2 3 29
-697.981812 2 3 18
-305.513489 2 3 15
-746.444580 3 4 6 9
-670.000244 2 3 5
-838.509277 1 6
-224.404541 2 3 8
-767.309631 3 6 9 18
-628.737793 1 7
-731.226990 1 3
-386.070251 1 15
-872.135864 1 2
-824.330200 1 18
-800.174744 1 4
-866.975525 1 19
-761.354736 1 5
-874.760681 1 35
-398.362549 1 8
11 3
-211.027649 1 13
-227.660904 0
-203.040344 1 12
12 42
-535.948914 2 11 18
-141.029663 2 13 15
-215.871826 2 11 15
-129.500977 2 10 13
-174.667236 2 9 13
-179.912598 2 8 13
-144.345535 2 10 11
-266.729828 2 8 11
-374.220673 2 7 11
-272.597015 2 8 9
-239.238770 2 15 33
-480.851105 2 4 6
-267.480621 1 33
-167.131836 2 13 33
-595.270935 1 31
-253.654129 2 11 33
-529.482239 2 6 18
-546.212952 2 6 11
-251.472656 2 3 8
-574.347229 1 11
-592.517700 1 32
-514.600830 2 4 11
-500.457764 2 4 18
-491.306488 2 5 11
-447.721130 2 5 6
-488.032074 2 5 18
-598.967834 0
-564.477478 1 6
-592.224243 1 21
-595.417114 1 35
-381.205475 1 7
-526.707153 1 4
-499.819000 1 5
-596.671448 1 2
-521.052368 3 6 11 18
-186.869751 1 13
-161.940109 1 10
-557.435608 1 18
-589.094849 1 19
-240.741821 1 15
-475.964478 3 4 6 18
-283.039703 1 8
13 46
-554.855652 2 11 18
-551.631042 2 9 18
-312.632080 2 11 15
-273.328217 2 10 11
-346.505707 2 8 11
-265.123383 2 9 10
-574.247742 2 6 9
-547.254150 2 4 9
-194.890259 1 12
-592.287842 2 9 19
-301.790283 2 9 15
-518.093750 2 4 6
-347.649567 1 33
-343.516937 2 11 33
-163.145264 2 9 12
-601.716431 1 32
-334.792816 2 9 33
-602.326294 1 35
-427.689117 2 7 18
-545.546692 2 6 18
-583.091492 2 9 11
-571.656311 2 6 11
-308.967621 2 8 9
-430.905487 2 7 9
-345.261230 2 3 8
-606.988342 0
-593.793518 1 9
-523.724854 2 4 18
-581.404297 2 6 21
-515.712219 2 5 18
-544.715576 2 4 11
-492.384216 2 5 6
-431.204987 1 7
-597.127563 1 21
-582.017517 1 6
-590.355042 1 11
-544.245483 3 6 9 18
-604.740784 1 2
-283.387360 1 10
-596.096313 1 19
-565.485901 1 18
-526.619324 1 5
-548.324341 1 4
-330.281860 1 15
-513.631470 3 4 6 18
-352.877106 1 8
14 1
-328.536896 0
15 53
-322.932617 2 12 33
-651.065613 1 29
-386.993164 2 13 29
-300.659668 2 12 29
-183.657379 2 10 29
-682.501343 1 27
-644.155579 2 9 29
-256.322906 2 8 29
-484.984985 2 7 29
-633.111633 2 6 29
-610.001465 2 4 29
-322.609619 2 12 18
-387.593994 2 9 13
-370.450684 2 8 13
-576.952637 2 4 6
-402.719971 2 13 18
-612.552063 2 18 29
-676.188599 1 35
-304.095612 2 29 33
-350.726654 2 18 33
-680.629333 1 31
-345.517242 2 8 33
-672.119263 1 32
-683.565002 0
-679.597229 1 9
-351.174469 1 33
-571.306885 2 4 18
-339.260590 2 8 9
-547.893005 2 5 6
-562.212708 2 5 18
-667.854370 2 17 32
-372.938629 1 8
-406.858521 1 13
-469.720856 2 7 18
-635.963379 2 3 29
-621.167053 1 18
-651.626831 2 3 6
-491.665924 1 7
-671.885376 1 21
-650.295349 2 6 19
-294.041016 2 3 8
-653.717224 1 6
-666.023560 1 19
-596.591125 2 6 18
-325.338989 1 12
-545.544250 3 5 6 18
-593.377136 1 5
-672.863892 1 3
-683.005432 1 2
-193.875656 1 10
-615.845337 1 4
-654.942627 2 17 19
-553.513306 3 4 6 18
16 3
-81.336693 0
-79.026672 1 28
-71.520081 1 17
17 19
-772.017822 2 28 32
-1090.845581 1 27
-679.468262 2 27 28
-772.347839 2 26 28
-742.695801 2 18 28
-795.056274 1 28
-787.225952 2 28 35
-778.742920 2 19 28
-1065.657104 2 15 19
-1080.551880 1 35
-1071.430298 2 15 32
-1102.540039 0
-1075.694946 1 32
-1076.737427 1 19
-1019.179382 2 16 18
-788.307129 2 21 28
-1020.545471 1 18
-1084.170532 1 21
-1092.723755 1 16
18 74
-202.141052 2 12 35
-202.978027 2 10 35
-209.079346 2 8 35
-185.065979 2 28 32
-182.531189 2 13 32
-180.568298 2 12 32
-184.241943 2 10 32
-193.897949 2 8 32
-213.019531 2 33 35
-265.035217 1 27
-241.750549 2 27 28
-285.524841 2 15 28
-308.065735 2 13 28
-306.148987 2 12 28
-301.571777 2 10 28
-319.595947 2 8 28
-224.683289 2 15 27
-239.595886 2 13 27
-238.011414 2 12 27
-240.040283 2 10 27
-336.244934 1 28
-247.974121 2 8 27
-164.434509 2 13 19
-165.156738 2 10 19
-171.004883 2 8 19
-208.927673 2 28 35
-181.309021 2 17 35
-202.382507 2 13 35
-238.885193 2 13 17
-194.983398 2 32 33
-162.485779 2 12 19
-166.391541 2 17 32
-160.467346 2 19 28
-152.091736 2 15 19
-188.205261 2 15 35
-331.987396 1 33
-220.114563 1 35
-318.281494 2 28 33
-252.786865 2 27 33
-239.697205 2 12 17
-171.407898 2 15 32
-368.381622 0
-316.952240 1 10
-199.063293 1 32
-218.926208 2 21 35
-218.276855 2 21 33
-173.740479 2 19 33
-218.346497 2 17 27
-141.923157 2 17 19
-231.329834 2 10 17
-253.813721 2 8 17
-276.961426 2 7 17
-283.884216 2 17 28
-326.879211 1 13
-209.903748 2 13 21
-253.882690 2 17 33
-221.111511 2 21 27
-175.884583 1 19
-177.895081 2 17 21
-208.089111 2 10 21
-218.189087 2 20 21
-330.075287 1 8
-207.750305 2 21 28
-214.607178 2 8 21
-206.619812 2 12 21
-221.311829 1 21
-352.315277 1 7
-360.420990 1 5
-367.799133 1 4
-305.983704 1 15
-326.849426 1 12
-194.228455 2 15 21
-286.386902 1 17
-216.279236 2 15 17
19 34
-109.084351 2 21 32
-112.292725 2 18 32
-183.797729 2 27 35
-111.688843 2 27 32
-285.239136 1 27
-344.228516 2 18 28
-517.814819 2 15 28
-263.740417 2 26 27
-214.501953 2 18 27
-520.005981 1 28
-499.098511 2 13 17
-198.473755 1 35
-110.240601 2 32 35
-535.701843 1 33
-171.846436 2 18 35
-500.616577 2 12 17
-192.540283 2 20 35
-539.468811 0
-530.684753 1 10
-116.534302 1 32
-157.391479 2 21 35
-166.118774 1 21
-505.211182 2 10 17
-503.692261 2 17 28
-528.576782 1 13
-151.151733 2 21 27
-140.086670 2 18 21
-513.666016 1 17
-539.382996 1 8
-521.927368 1 15
-155.739990 2 20 21
-529.595825 1 12
-346.971771 1 18
-473.044312 2 15 17
20 10
-113.850891 1 35
-109.391541 2 32 35
-107.916931 2 19 35
-356.196075 0
-85.498962 2 21 35
-128.728821 1 21
-118.350037 2 19 21
-355.169464 1 9
-123.332947 2 21 32
-125.605591 2 18 21
21 33
-596.373413 1 27
-647.439453 2 18 28
-594.733582 2 26 27
-552.450195 2 18 27
-775.933716 1 28
-771.126343 2 13 17
-282.613525 2 18 35
-256.201538 2 32 35
-790.096375 1 33
-423.060669 1 19
-786.550415 1 13
-792.729675 1 10
-789.667114 1 12
-242.719604 2 19 35
-778.041504 1 17
-776.689331 2 12 17
-649.341370 1 18
-255.449951 2 20 35
-796.411194 0
-784.731079 1 15
-559.584473 2 20 28
-468.917603 1 32
-769.184692 2 17 28
-566.748779 2 15 20
-229.630615 2 20 32
-562.161011 2 17 20
-372.833984 2 20 27
-568.943420 1 20
-415.311676 2 18 20
-178.682373 2 19 20
-760.282593 2 15 17
-337.650635 3 18 20 27
-283.801880 1 35
22 17
-403.843323 1 27
-365.766602 1 26
-322.903015 2 25 27
-368.165344 1 25
-192.521942 2 24 26
-289.827789 2 25 26
-237.153137 1 24
-482.461243 1 28
-355.401733 2 26 34
-403.483521 2 27 34
-493.997833 0
-218.137878 2 24 27
-355.824097 2 23 26
-236.364868 2 23 24
-274.296692 1 36
-251.884949 2 27 36
-223.451385 2 26 36
23 21
-66.351601 1 34
-164.598206 1 27
-145.078598 1 26
-93.949402 2 25 27
-127.749817 1 25
-54.230194 2 24 26
-77.849762 2 25 26
-207.045715 1 28
-56.591202 2 26 34
-51.288696 2 25 34
-44.917114 2 24 34
-60.625122 2 27 34
-216.436295 0
-65.416443 2 24 27
-94.348450 1 24
-93.560669 2 22 24
-135.136337 2 22 26
-52.465454 2 34 36
-132.482727 1 36
-86.946503 2 26 36
-100.761414 2 27 36
24 27
-727.304565 1 27
-692.757141 1 26
-367.170532 2 25 27
-367.954224 1 25
-355.701996 2 25 26
-800.274048 1 28
-633.475098 2 26 34
-361.391846 2 25 34
-662.978271 2 27 34
-800.596741 0
-541.599121 2 22 27
-354.985107 2 23 25
-254.370117 2 22 25
-712.773987 1 34
-458.501129 2 22 34
-628.122803 2 23 27
-601.908691 2 23 26
-678.508362 1 23
-519.512451 2 22 26
-207.467529 2 34 36
-418.513824 2 22 23
-221.020142 1 36
-543.751526 1 22
-165.224487 2 25 36
-198.486572 2 23 36
-201.099854 2 22 36
-196.866699 3 22 23 36
25 16
-761.249390 1 27
-742.310852 1 26
-675.081543 2 23 26
-716.405029 2 27 34
-698.517090 2 26 34
-614.179382 2 22 34
-798.194397 0
-365.551880 1 24
-735.502991 1 34
-690.600830 2 23 27
-666.371826 2 22 26
-672.361877 1 22
-586.306335 2 22 23
-458.794067 1 36
-709.507874 1 23
-798.114807 1 2
26 31
-316.452271 2 27 32
-589.325317 1 28
-325.369995 1 27
-562.139404 2 25 28
-544.618408 2 23 28
-303.870728 2 19 27
-581.439087 1 25
-564.393188 2 28 34
-551.755127 2 25 34
-446.920563 2 22 34
-509.441895 2 24 34
-637.322815 0
-517.033936 2 24 28
-305.698730 2 22 27
-566.617065 2 17 28
-588.740784 1 34
-484.852295 2 22 24
-531.538818 2 23 25
-565.964905 1 23
-489.365479 2 23 24
-323.729614 2 21 27
-517.186279 2 34 36
-503.101562 2 22 25
-491.232178 2 22 28
-509.091400 1 22
-425.429352 2 22 23
-544.869263 1 36
-529.483521 1 24
-532.054443 2 28 36
-499.333252 2 23 36
-494.024414 2 22 36
27 104
-705.404297 2 34 35
-412.328400 2 26 35
-718.927368 2 25 35
-698.566162 2 32 34
-655.532471 2 28 32
-391.164368 2 26 32
-709.129517 2 25 32
-668.813110 2 24 32
-679.356201 2 23 32
-593.543640 2 26 28
-810.784424 2 25 28
-797.541748 2 23 28
-728.404785 2 18 28
-622.775208 1 26
-334.962494 2 19 26
-513.951660 2 18 26
-822.898560 1 28
-629.684570 3 22 34 35
-666.366821 2 19 25
-806.683105 2 18 25
-624.736938 2 19 24
-658.740601 2 28 35
-676.116821 2 24 35
-811.757690 2 28 34
-760.702148 3 22 28 34
-851.008545 2 24 34
-807.066589 2 22 34
-709.866943 2 21 34
-719.567444 3 18 22 34
-614.999756 2 19 28
-685.920898 2 23 35
-625.120361 3 22 28 35
-731.306763 1 35
-881.707031 2 25 34
-655.974243 3 17 28 35
-804.204285 2 18 34
-646.106445 2 22 35
-724.418091 1 32
-934.727600 0
-613.161621 3 22 23 35
-618.108154 3 22 32 34
-784.015381 2 24 28
-617.263794 3 22 28 32
-654.941772 3 17 28 32
-654.136963 2 19 34
-861.435669 1 24
-863.982666 2 23 25
-769.372559 2 18 24
-785.331726 2 18 23
-707.311157 2 17 28
-900.805237 1 34
-589.206055 2 19 22
-842.421631 2 22 24
-633.506348 3 21 22 34
-570.465088 3 19 22 34
-601.848145 3 22 23 32
-668.781494 2 21 28
-409.629608 2 21 26
-882.889709 1 23
-832.504150 2 23 24
-841.635132 2 17 22
-635.395996 2 22 32
-734.489746 2 18 21
-690.146240 2 21 23
-850.977295 2 34 36
-761.645508 2 22 28
-844.573303 1 22
-791.596375 2 22 23
-734.690063 1 21
-648.935303 2 21 22
-680.498169 1 19
-868.748657 1 36
-762.729248 3 18 23 36
-634.019165 3 21 22 28
-577.138062 3 19 22 28
-897.782837 1 25
-723.425903 2 21 25
-635.908325 2 19 36
-748.061890 3 22 23 28
-683.143188 2 21 24
-634.496826 2 19 23
-933.664185 1 15
-688.945435 3 17 22 28
-662.587158 3 17 21 28
-773.729004 3 18 34 36
-727.727295 3 18 24 28
-743.649109 2 18 22
-722.263062 3 18 23 28
-680.028564 3 18 22 28
-616.946289 3 21 22 23
-831.381409 1 18
-923.033203 1 17
-690.704834 3 17 18 28
-553.607910 3 19 22 23
-916.687866 2 15 17
-777.087402 2 18 36
-703.168518 3 18 22 23
-758.467529 3 18 23 24
-686.061401 2 35 36
-693.274048 2 21 36
-678.487915 2 32 36
-788.323730 2 28 36
-837.027588 2 23 36
-677.618896 3 23 32 36
28 33
-947.860718 1 27
-924.576660 2 18 27
-1010.897095 2 19 26
-992.606934 2 18 26
-750.636597 2 17 35
-740.998901 2 17 32
-1043.962524 1 35
-1059.689941 0
-1044.675903 1 32
-536.483643 2 17 27
-668.286499 2 17 26
-1059.367310 1 24
-1024.806763 2 18 23
-748.290894 2 17 34
-1053.749634 1 34
-1050.299438 1 23
-1048.153442 1 22
-1045.877075 2 22 23
-742.445435 2 17 23
-743.066772 2 17 22
-1022.479675 2 18 22
-1025.651123 2 18 21
-1011.692688 1 26
-1039.212524 1 21
-1057.380005 1 16
-1038.120605 2 21 22
-1027.553345 1 18
-1040.227173 1 19
-752.206055 1 17
-743.349365 2 17 21
-1024.809814 2 18 19
-742.231689 2 17 19
-749.703369 2 17 18
29 15
-439.629639 2 10 15
-475.057495 2 9 15
-288.135986 2 8 15
-459.156982 2 15 33
-506.236084 1 33
-530.090637 0
-449.847412 1 10
-497.591248 1 15
-475.033936 2 3 33
-510.499146 1 9
-446.631592 2 3 10
-404.751709 1 8
-520.790527 1 7
-486.606384 1 3
-449.705872 2 3 15
30 4
-86.350891 1 32
-226.593307 1 9
-227.660904 0
-224.971237 1 0
31 16
-1158.072754 1 12
-1141.441650 1 10
-1154.057861 1 8
-1018.396484 1 7
-1132.156250 1 6
-1138.614258 1 3
-1109.779419 2 4 6
-1149.260010 1 33
-1161.769775 0
-1156.698364 1 2
-1084.588501 2 5 6
-1014.891174 2 3 7
-1112.048340 2 3 6
-1121.686523 1 4
-1091.098877 1 5
-1158.833984 1 15
32 31
-415.939697 2 18 35
-586.256714 2 28 30
-385.926758 2 27 30
-518.286499 1 27
-509.368835 2 26 27
-465.790039 2 18 27
-713.582153 1 28
-696.300171 2 13 17
-298.848389 2 30 35
-166.432861 2 19 30
-428.688232 2 20 35
-587.286194 1 30
-433.147583 1 35
-696.537476 2 12 17
-728.596252 0
-725.864929 1 10
-418.788239 2 18 30
-690.544067 2 17 28
-346.053467 3 18 27 30
-574.178345 2 17 30
-401.103149 1 21
-263.510986 2 21 30
-305.661743 1 19
-723.324341 1 13
-395.707275 2 20 21
-386.903076 2 18 21
-722.146118 1 12
-674.040405 2 15 17
-559.277893 1 18
-701.750977 1 17
-717.150513 1 15
33 43
-795.561279 1 29
-448.591553 2 15 29
-773.127686 2 9 18
-734.021851 2 4 18
-485.925690 2 7 15
-543.435669 2 9 13
-551.353333 2 7 13
-769.521240 2 6 9
-817.984802 1 35
-485.522278 2 12 15
-424.536865 2 8 15
-706.199829 2 4 6
-439.544739 2 3 12
-819.415833 0
-315.405029 1 10
-486.919312 2 9 12
-560.077087 1 13
-802.436646 1 9
-806.906250 1 31
-730.425049 2 3 29
-424.309082 2 8 9
-719.666016 2 3 6
-703.745422 2 3 4
-813.101501 1 21
-575.598633 1 7
-780.086426 1 6
-706.965576 1 5
-745.163025 1 4
-741.997498 1 3
-818.047974 1 2
-451.958252 1 8
-487.025330 1 15
-487.928650 1 12
-448.279114 2 3 15
-300.201904 2 3 8
-541.074280 2 3 7
-667.163696 2 5 6
-684.979736 2 3 5
-752.589233 2 6 18
-720.409546 2 3 18
-512.897278 2 3 13
-815.648865 1 19
-783.021606 1 18
34 16
-222.085709 0
-216.145325 1 28
-188.163147 1 27
-143.318542 2 25 27
-187.803101 2 22 27
-159.394348 1 25
-129.710602 2 25 26
-114.222137 2 24 26
-134.263489 1 24
-72.001015 1 23
-173.503891 1 26
-123.836365 2 24 27
-163.139267 2 22 26
-164.014954 1 36
-136.331757 2 26 36
-146.243347 2 27 36
35 27
-794.758484 1 33
-780.462036 1 28
-592.768433 1 27
-274.853394 2 19 21
-772.631958 2 17 28
-791.527466 1 13
-560.359375 2 18 27
-500.740845 1 32
-647.922424 1 18
-792.638794 1 12
-795.190613 1 10
-774.201172 1 17
-796.189514 0
-247.512451 2 20 32
-404.083649 2 18 20
-281.194580 2 18 21
-542.663452 2 17 20
-549.455566 2 20 28
-356.353516 2 20 27
-283.580688 1 21
-553.844299 1 20
-240.350830 2 20 21
-455.194458 1 19
-200.383545 2 19 20
-763.527710 2 15 17
-335.560791 3 18 20 27
-788.813110 1 15
36 17
-694.667969 2 26 34
-731.840149 1 26
-484.893188 1 25
-482.513519 2 25 26
-244.716919 1 24
-758.314331 1 27
-716.395264 2 27 34
-549.692078 2 22 34
-824.293518 0
-694.477783 2 23 27
-673.708008 2 23 26
-740.339905 1 23
-589.525146 2 22 26
-397.563965 2 22 25
-604.592346 1 22
-520.220398 2 22 23
-766.222717 1 34

1
4 1

