37
0 17
-77.69275581 1 5
-109.30970950 2 4 6
-119.39916751 2 4 35
-127.23877735 2 1 6
-127.91890571 2 4 33
-128.24627454 1 4
-134.08619785 2 2 6
-136.21713025 2 1 35
-142.39132327 2 2 35
-153.94701219 2 1 2
-154.40523001 1 1
-157.87861467 1 2
-164.01464684 2 3 6
-173.35199910 1 6
-180.90957043 1 35
-221.16454911 1 36
-222.31237968 0
1 18
-324.84188966 1 4
-424.91528430 2 2 5
-438.79769437 2 0 2
-441.17574453 2 2 3
-442.72929685 1 2
-526.69334359 2 3 5
-563.63639599 2 0 3
-615.21833252 2 3 6
-628.04209865 2 5 6
-629.25010649 1 3
-643.61481879 2 5 35
-663.54722221 2 0 6
-666.80591046 1 5
-682.75970811 2 0 35
-702.64325170 1 0
-709.66044396 1 6
-727.45214829 1 35
-770.55040137 0
2 21
-277.91812598 1 4
-422.08051588 3 1 3 5
-426.55249687 2 1 3
-511.37559108 2 1 5
-515.61736489 2 3 5
-521.63778080 2 1 6
-523.27455795 2 0 1
-523.73277577 1 1
-550.78486930 2 0 3
-598.07107483 2 3 6
-614.52810899 2 3 35
-614.62685884 1 3
-696.29148036 2 5 6
-721.16817272 2 5 35
-730.27252544 2 0 6
-753.26621724 1 5
-755.73496665 2 0 35
-769.53832669 1 6
-787.12011527 1 0
-794.25321381 1 35
-851.55388029 0
3 20
-202.80997794 3 4 5 6
-204.71755075 2 4 6
-220.38420190 2 4 35
-224.83513271 2 4 10
-225.47371547 1 4
-240.46471010 3 2 5 6
-241.17227499 2 2 6
-261.35136052 2 2 35
-273.80795328 2 1 2
-275.36150560 1 2
-318.19741541 2 1 6
-345.55975945 2 1 35
-370.98823217 1 1
-396.85166848 2 5 6
-403.30217459 2 0 6
-412.63952685 1 6
-440.67839018 2 5 35
-441.07646534 1 35
-499.57230535 1 36
-512.28852705 0
4 37
-102.44913213 3 1 2 3
-115.09529924 3 1 2 5
-119.59601176 3 0 1 2
-124.96659325 2 1 2
-152.55709528 3 2 3 5
-169.53680045 3 0 2 3
-186.45559232 2 2 3
-189.38535177 2 2 5
-193.80975352 3 1 3 5
-203.28492931 3 0 2 6
-205.52820185 2 0 2
-209.65521434 3 0 1 3
-216.18384153 2 2 6
-221.20654344 2 1 3
-227.19015272 1 2
-317.88018108 3 1 5 6
-322.71580062 2 1 5
-327.70984175 3 0 1 6
-328.62820467 2 1 6
-338.10719476 2 0 1
-345.22347767 2 1 35
-355.11739531 1 1
-372.97012898 2 3 5
-421.75948598 2 0 3
-481.62634143 2 3 6
-504.36802426 2 3 35
-514.01109546 1 3
-585.57557894 2 5 6
-616.10660210 2 5 35
-625.50602793 2 0 6
-658.96639303 1 5
-663.54988477 2 0 35
-689.54831753 1 6
-706.75980189 1 0
-725.06028769 1 35
-797.56690278 1 36
-800.82590703 0
5 37
-19.99398156 3 0 4 6
-27.61393331 3 0 1 6
-28.84942331 2 0 4
-32.84911202 3 0 2 6
-35.42973762 3 0 1 2
-39.19127128 3 0 1 35
-39.65802005 3 3 4 6
-40.55615693 2 0 1
-41.56559286 2 4 6
-43.45457590 2 0 2
-53.31924549 3 0 6 33
-53.59938712 3 0 3 6
-54.80542505 2 4 35
-55.10647148 2 0 6
-63.91998614 2 1 6
-67.86005312 2 0 35
-69.08396485 2 0 36
-71.58392023 3 2 3 6
-71.83562955 2 4 36
-72.04312742 1 0
-72.29148512 2 2 6
-74.80323729 1 4
-79.24101239 3 1 34 35
-79.92178113 2 1 35
-90.67406955 2 2 35
-100.56107569 2 1 2
-108.93771745 2 1 36
-112.91826038 1 1
-118.16902678 2 2 36
-118.37508824 1 2
-129.75047308 2 3 6
-145.53833145 1 6
-163.36103547 2 3 35
-163.75911064 1 35
-205.04317589 1 36
-215.93811692 1 10
-216.66275129 0
6 50
-277.17233529 2 34 35
-282.36460369 3 3 5 35
-298.17734958 3 0 3 35
-298.78572949 3 3 8 35
-298.79403718 2 3 35
-300.41394765 2 8 35
-306.66461155 2 9 35
-307.62961995 3 4 5 35
-308.01918835 2 5 35
-308.41905906 2 4 35
-310.27806132 2 11 35
-310.99472770 2 33 35
-315.99152453 1 35
-427.90672833 3 3 5 36
-449.43917523 2 3 5
-449.64687947 3 0 3 36
-473.87617206 3 4 5 36
-478.25030232 2 0 3
-484.36573727 3 3 4 36
-488.57586941 2 4 36
-493.80216624 2 4 5
-494.67009014 3 3 14 36
-496.19855229 3 2 5 36
-496.70518301 2 3 36
-506.28364595 2 3 4
-508.10324564 2 0 4
-508.97424661 3 1 5 36
-510.21824346 2 2 5
-510.64911970 3 5 14 36
-517.47200722 3 0 2 36
-519.65246027 2 2 36
-522.11261597 2 2 3
-523.99319479 2 5 36
-524.63662600 2 1 3
-527.03981067 1 4
-527.32314508 3 0 14 36
-528.42916853 2 1 5
-530.19181639 3 0 1 36
-532.50942975 2 0 2
-535.74642610 2 1 36
-538.66839998 1 3
-539.56458401 2 0 36
-544.53578036 2 14 36
-550.26099010 2 0 1
-556.30184657 1 2
-567.19298033 1 5
-572.96968475 1 36
-577.42744276 1 1
-589.35701959 1 0
-638.31740018 0
7 7
-70.98317792 2 8 34
-86.89730564 3 8 10 11
-87.07831655 2 8 11
-88.71445153 2 8 33
-91.48005424 2 8 9
-92.69523795 1 8
-213.80923810 0
8 35
-139.68184974 2 7 34
-219.13303426 3 7 9 11
-227.47051440 3 7 9 33
-232.69158754 2 7 9
-241.54542456 3 7 10 11
-251.70973960 3 7 11 35
-255.14143778 3 7 11 33
-261.27845303 2 7 11
-286.81859583 1 34
-329.24389171 3 7 33 35
-348.88135156 3 9 33 35
-349.55796526 2 9 33
-352.78117252 3 9 10 11
-356.10822003 3 6 7 35
-356.35626603 2 9 11
-359.95601574 2 9 35
-360.43588216 1 9
-371.47038904 2 7 35
-373.26441772 3 10 11 35
-376.42107604 2 10 11
-380.60865706 3 11 33 35
-381.34557185 2 11 33
-382.55937969 2 11 35
-393.91035677 1 11
-439.28877830 2 7 33
-453.67920329 2 33 35
-474.83015000 2 6 35
-490.40772688 1 35
-567.09985862 1 33
-568.83867637 2 7 14
-581.13133872 1 7
-678.58397031 1 14
-696.42998398 1 36
-701.32286463 1 13
-702.24533887 0
9 33
-152.46642995 2 10 34
-179.50577505 2 11 34
-215.35817456 3 8 10 11
-220.68003021 2 8 11
-228.47189485 3 8 10 35
-232.43719529 2 8 10
-237.32895231 3 11 33 35
-238.99807808 2 10 11
-243.45799958 2 11 33
-248.86913571 2 11 35
-258.23412094 1 11
-329.65170783 3 10 33 35
-359.11772341 3 6 10 35
-363.03097192 2 10 35
-380.16722589 1 34
-430.67064295 3 8 33 35
-439.02959193 2 8 35
-447.24525068 2 7 8
-448.33541616 2 8 33
-448.46043439 1 8
-450.60056781 2 10 33
-534.45314804 3 6 33 35
-535.46849469 2 33 35
-556.71326373 2 10 14
-560.15439010 2 6 35
-569.48130307 1 35
-578.77598149 1 10
-665.87730951 1 33
-774.34281129 1 14
-784.84381246 1 36
-789.20624493 1 32
-790.26400835 1 22
-790.26989111 0
10 14
-68.53503185 3 9 11 34
-78.97421965 2 11 34
-87.53307032 3 8 9 11
-91.10816384 2 9 11
-92.67391506 3 7 8 11
-92.85492597 2 8 11
-103.50699036 2 11 33
-103.82760737 2 9 34
-110.34420670 1 11
-114.00873564 2 9 14
-114.27605965 2 9 33
-115.06648654 1 9
-325.83576179 1 5
-326.56039616 0
11 29
-159.36324480 2 10 34
-211.25597763 2 9 34
-226.59680132 3 8 9 10
-233.37676874 3 7 8 10
-234.88265414 3 8 10 35
-235.00944997 2 9 10
-243.67582205 2 8 10
-248.79585121 2 9 33
-252.96029412 3 7 8 9
-254.88815656 2 8 9
-258.96777268 1 9
-341.62831418 3 10 33 35
-363.46847095 3 6 10 35
-368.52972853 2 10 35
-411.91742847 1 34
-445.16935016 2 10 33
-474.91671497 3 7 8 35
-477.05163933 2 7 8
-477.93710940 2 8 35
-482.66856074 1 8
-562.55404812 2 10 14
-562.78398581 2 33 35
-574.78735339 1 10
-580.07199338 2 6 35
-585.78545658 1 35
-671.21516115 1 33
-775.85476707 1 14
-789.42573169 1 36
-791.00354284 0
12 2
-310.21231927 2 13 24
-310.82108523 0
13 7
-61.51738894 1 14
-70.05745657 2 22 26
-70.44100642 1 36
-72.13213274 1 8
-72.65910416 1 34
-72.93270332 1 22
-73.05460698 0
14 27
-705.24884940 3 33 35 36
-717.67078492 2 35 36
-736.94981357 3 6 33 36
-755.62278623 3 13 33 36
-756.04505975 2 33 36
-797.56658936 3 6 34 36
-799.31010921 2 34 36
-800.65902149 2 6 36
-816.31230415 2 8 36
-825.17788822 2 9 36
-826.08803282 2 13 36
-829.09292588 1 36
-996.90994423 2 13 33
-1006.14008494 2 19 33
-1006.53603264 1 33
-1063.37482532 2 13 34
-1067.36804137 2 8 13
-1071.75546925 1 34
-1075.49823882 1 8
-1075.99591472 2 9 13
-1076.68206252 2 11 13
-1082.17477667 2 9 10
-1083.23252757 1 9
-1084.01083162 1 11
-1087.62238934 1 13
-1096.88083571 1 35
-1099.15960738 0
15 27
-250.48950179 2 30 32
-365.78224626 2 30 31
-368.31420528 3 17 24 32
-372.80656929 2 19 30
-381.21768078 3 24 31 32
-384.27267553 2 24 30
-401.09628334 2 20 30
-406.60524411 1 30
-425.86796109 2 24 31
-445.51917956 3 17 23 32
-446.69837015 3 17 31 32
-448.73841109 2 17 32
-458.61084725 3 24 29 32
-458.97599641 2 31 32
-463.58252917 2 17 24
-489.15315262 1 31
-489.66245151 2 24 29
-492.77134173 3 19 24 32
-496.15199123 2 24 32
-511.75244578 2 29 32
-517.54380287 1 17
-521.96446439 1 29
-527.89541826 1 24
-534.89162181 2 19 32
-540.13706407 1 32
-550.79539532 1 23
-552.83086585 0
16 6
-147.92790972 2 29 30
-148.15103859 1 30
-151.11240495 1 17
-151.33156732 1 20
-151.53001692 1 19
-152.06377818 0
17 94
-229.31971649 2 24 30
-294.63127493 3 23 30 31
-310.36432911 2 30 31
-335.91810605 2 24 31
-336.88704547 3 15 24 32
-353.57687513 3 23 30 32
-355.10604868 1 31
-383.40597165 2 30 32
-387.22595476 3 15 19 24
-392.68236697 3 19 23 30
-411.23012734 3 23 29 30
-411.67309572 2 23 30
-415.65452420 3 19 24 29
-419.63289210 3 24 29 32
-423.94743739 3 15 23 32
-429.97098465 2 19 30
-438.93385806 3 20 24 29
-440.68096131 2 29 30
-442.47367222 2 15 32
-446.89413983 3 15 20 24
-449.89968085 2 20 30
-453.27609341 2 30 33
-453.52893915 3 19 24 32
-454.09398604 2 19 24
-462.21261357 1 30
-464.72483142 2 24 32
-473.85210879 3 23 29 32
-481.20148064 2 29 32
-498.65974385 2 20 24
-500.00566081 3 19 23 29
-507.04178573 3 15 19 23
-511.94772395 2 19 29
-512.13363860 2 19 32
-521.87617693 2 24 29
-527.93153514 2 23 32
-529.86538058 2 20 32
-530.90290794 2 15 19
-533.54791511 3 20 23 29
-533.87232520 1 32
-536.71052816 2 20 29
-537.41653469 2 19 23
-554.16260898 1 19
-574.15382932 3 15 20 23
-580.67855281 2 20 23
-588.54969560 2 15 20
-595.11933676 2 20 26
-598.48599639 1 20
-604.79542157 2 23 29
-629.02308387 2 16 29
-629.02910420 1 29
-632.23606315 3 24 26 28
-666.51371936 3 15 24 28
-676.30398801 3 24 26 27
-685.64898533 3 15 24 26
-686.57708213 2 24 28
-690.05395582 3 15 24 27
-698.32326373 2 15 24
-698.32482570 3 23 26 28
-708.14526997 3 24 26 33
-716.04307119 3 24 27 33
-718.97625584 2 26 28
-726.26305458 2 24 27
-729.83340169 2 24 26
-738.11851281 2 24 33
-746.99787270 3 23 26 27
-755.16662690 2 23 28
-762.63615282 1 24
-768.75674947 3 26 27 33
-774.07536986 1 28
-774.16943101 2 26 27
-779.19650127 3 23 26 33
-788.57763048 3 23 27 33
-795.34561285 3 15 23 26
-798.05983585 2 23 27
-799.84565067 2 26 33
-801.29826366 3 15 23 33
-803.69053430 2 23 26
-805.90287387 2 15 23
-807.73230002 2 23 33
-808.04769445 2 25 27
-808.31118308 2 27 33
-812.15882033 2 15 26
-819.78448092 2 15 33
-820.65886036 2 15 27
-822.74523172 1 27
-823.93164624 2 25 33
-826.53776714 1 26
-829.49294259 2 23 25
-831.05083564 1 15
-834.80728113 1 33
-836.67031583 1 23
-841.78220570 1 25
-865.38652539 1 16
-866.33789862 0
18 3
-171.89182609 1 19
-175.73010548 1 20
-184.13511306 0
19 75
-61.08915957 3 20 23 31
-62.08856416 3 18 20 31
-68.12797892 2 20 31
-77.17683835 3 20 23 32
-80.27572973 3 18 20 32
-82.84622799 2 20 32
-104.36377298 3 17 20 23
-106.68586301 2 18 31
-112.97668034 3 20 24 30
-114.13951511 2 17 20
-115.56508964 3 20 23 30
-115.88968819 2 20 30
-121.89742572 1 31
-127.95641730 2 20 23
-135.88630572 1 20
-170.59510966 3 17 18 32
-171.96156541 3 18 30 32
-177.54720144 3 18 24 30
-180.82110727 2 17 32
-185.54105955 2 30 32
-186.00605148 3 15 18 32
-189.24112726 2 18 32
-190.24375947 2 24 30
-197.31435160 2 15 32
-202.55979386 1 32
-205.17245719 3 15 18 30
-209.40939949 3 17 18 30
-217.60238708 2 15 30
-219.15943299 2 17 30
-221.44718039 2 17 18
-231.00473006 2 17 24
-232.86614247 1 17
-233.17226008 3 18 29 30
-236.41944739 2 18 30
-247.91948745 2 29 30
-251.11154765 2 23 30
-251.40106191 1 30
-363.87412739 3 18 24 29
-365.27449228 3 16 24 29
-366.33977196 2 24 29
-367.50256405 3 16 18 29
-367.78597161 2 18 29
-372.29299964 2 16 29
-375.45196638 1 29
-422.08486762 3 18 26 28
-425.63873030 2 26 28
-461.83609660 3 26 27 33
-463.77204279 3 18 26 27
-464.42848954 2 18 28
-468.43920560 2 26 27
-473.18851057 2 24 28
-473.93404287 1 28
-491.49059949 3 18 27 33
-491.80726197 3 18 26 33
-494.96678392 2 26 33
-495.46367796 2 27 33
-502.50668453 2 18 27
-508.37596619 2 25 27
-508.85750606 2 18 26
-509.19489302 2 24 27
-509.23135087 2 18 33
-512.30169535 1 27
-513.72626192 2 24 33
-514.82207411 2 24 26
-517.00718630 2 14 33
-517.23550946 1 26
-517.40313399 1 33
-529.69467607 2 18 24
-532.79814514 1 18
-536.85594140 2 24 25
-537.97859799 1 25
-539.54689685 1 24
-541.66075762 1 34
-544.50767085 1 16
-545.04143211 0
20 63
-141.81711309 2 19 23
-169.98521740 1 19
-224.95816681 3 18 23 31
-231.51568279 2 23 31
-236.70215055 2 18 31
-240.16652975 1 31
-281.51284375 3 23 24 30
-281.57509047 3 18 23 32
-281.60606246 3 18 24 30
-284.43475957 2 24 30
-287.17817683 3 18 23 30
-288.92938921 2 23 32
-293.46842823 3 18 30 32
-296.62568517 2 18 32
-297.88252215 2 30 32
-298.59961025 2 17 32
-298.65297273 2 23 30
-302.60655487 1 32
-302.97181077 3 17 18 23
-305.25758229 2 17 23
-308.92343107 2 17 18
-311.28844157 1 17
-313.62962754 2 18 30
-318.73020831 2 15 30
-324.23916909 1 30
-411.98483929 2 23 29
-423.11596336 2 18 29
-425.57989852 2 16 29
-427.84757044 1 29
-463.38811166 3 23 26 28
-471.91438201 2 26 28
-495.48680929 3 18 23 28
-497.20065700 2 23 28
-500.75018959 3 23 26 27
-504.28642619 3 18 26 27
-507.40117533 2 18 28
-508.82324544 3 26 27 33
-510.47725500 2 26 27
-511.47470054 1 28
-517.70930127 3 23 26 33
-519.48106444 3 23 27 33
-524.44018314 3 18 23 27
-530.02598420 3 18 27 33
-532.64892206 2 23 27
-533.13448494 2 23 33
-534.92837223 2 27 33
-535.75888726 2 26 33
-536.69219163 2 18 27
-539.85418325 2 23 26
-547.26690042 1 27
-548.92790186 2 18 33
-552.11067554 2 18 26
-553.29729522 1 33
-556.36415322 1 26
-556.48446205 2 18 23
-561.24934531 1 23
-570.63275395 2 18 22
-570.73533622 1 18
-576.82495657 1 34
-577.07773475 1 25
-578.40813294 1 16
-578.54988871 1 22
-579.14034380 0
21 3
-389.03044763 1 22
-403.03380120 1 23
-403.45515262 0
22 11
-24.02872321 2 21 23
-31.82314422 2 23 24
-33.28283620 1 23
-35.54278410 2 0 21
-35.56994949 2 13 21
-35.85471718 1 21
-47.23129065 2 13 26
-49.68896707 1 20
-50.15751850 1 13
-50.27353940 1 9
-50.27942216 0
23 37
-221.22707095 3 20 22 24
-228.40430098 2 22 24
-231.43466225 3 19 20 24
-236.34042721 2 20 24
-248.53887900 1 24
-276.41382279 3 17 22 30
-288.06336723 2 17 22
-288.41628793 3 20 22 31
-289.42436621 2 22 31
-289.50400421 3 17 30 31
-289.83110403 3 17 19 20
-291.96870962 3 17 20 30
-292.00752413 2 17 30
-292.19488522 3 19 20 31
-299.23370457 2 20 31
-299.60684617 2 17 20
-301.12795782 3 19 20 22
-301.66781440 3 20 22 32
-303.90532937 2 20 22
-305.23705839 2 30 31
-305.63770544 1 17
-306.80347112 3 19 20 32
-307.88455153 1 31
-308.85271196 3 10 22 32
-308.87060093 2 22 32
-309.48440132 2 19 20
-312.47286075 2 20 32
-316.96084562 2 20 30
-317.41428974 1 20
-317.61152263 2 15 22
-318.30870227 1 22
-325.47290470 2 10 32
-326.15002641 1 32
-327.72073203 3 25 29 30
-333.26981771 1 15
-334.88393682 1 21
-335.30528823 0
24 62
-53.04937241 3 17 30 31
-80.98055338 3 23 30 31
-101.61160605 3 17 23 30
-106.20528823 3 17 19 30
-106.90844608 2 30 31
-112.86268537 3 17 20 30
-116.45939220 3 17 30 32
-117.66228543 2 17 30
-130.95644837 3 15 23 31
-134.56879839 3 15 17 31
-160.95116605 2 15 31
-164.47003907 3 15 17 32
-164.93318109 3 15 17 23
-177.78729266 3 17 23 31
-179.90630385 3 15 17 19
-181.41364759 2 23 31
-189.13702105 2 15 17
-193.36412514 3 25 29 31
-194.44820018 3 23 30 32
-199.83690890 2 17 23
-205.04841495 2 17 31
-213.77463395 3 15 23 32
-222.58974402 2 29 31
-223.88944026 3 23 25 29
-224.23635758 1 31
-224.48047731 3 17 25 29
-228.56489454 3 19 23 30
-238.94749956 3 29 30 32
-240.66996680 3 23 29 30
-241.05964432 3 25 29 30
-241.23688234 2 17 19
-243.09829475 1 17
-245.25299366 3 23 25 32
-245.84501231 2 30 32
-248.06979511 2 23 32
-249.22153997 2 23 25
-253.63233588 2 15 23
-254.81699679 3 20 23 30
-258.57393933 2 22 23
-260.03363131 1 23
-261.66052179 3 15 25 29
-270.05666582 2 15 32
-270.28034267 3 19 29 30
-271.26173816 3 25 29 32
-272.69999560 3 16 25 29
-277.76009451 2 25 29
-287.43448994 3 20 29 30
-289.39788007 2 19 30
-297.32854698 2 29 30
-306.07380312 2 25 32
-310.75077300 2 20 30
-314.04173866 1 32
-314.41298524 2 15 25
-320.69574422 3 16 25 26
-321.86459296 1 15
-322.90479241 2 25 26
-329.49339225 2 19 25
-330.61604885 1 25
-341.30550528 1 19
-342.78521397 3 26 28 30
-344.04672404 3 26 27 30
-346.80004054 0
25 32
-895.31141199 3 16 24 29
-905.41158101 2 24 29
-984.14563864 3 24 26 28
-987.62666850 2 23 29
-988.60357593 2 29 31
-992.09633533 1 29
-1035.45187331 2 26 28
-1047.97157677 2 24 28
-1054.04399527 3 24 26 27
-1067.74555676 2 28 30
-1068.36729669 2 24 26
-1071.36487674 2 28 31
-1072.02729392 1 28
-1087.19188745 2 26 27
-1097.70521890 1 26
-1101.01164297 3 24 27 30
-1102.41828414 2 24 27
-1102.79544097 2 27 30
-1103.13612312 2 17 27
-1103.79484833 2 27 31
-1112.20870792 2 24 30
-1113.90793123 2 19 27
-1113.95118877 1 17
-1114.64802436 1 30
-1116.44950074 1 31
-1117.83366038 1 27
-1119.63193454 2 19 24
-1122.32288999 1 24
-1131.44404757 1 19
-1135.63552605 1 32
-1136.44427264 1 20
-1138.50688169 0
26 37
-129.36573231 3 12 28 29
-129.80457428 2 28 29
-178.61658104 2 27 29
-192.84295162 1 29
-303.33841267 3 24 25 30
-303.73295100 3 16 24 25
-303.92456955 2 17 25
-305.84374967 2 24 25
-306.82493766 2 20 25
-307.62565117 2 25 32
-307.67141581 2 19 25
-308.35947319 2 17 28
-309.99935719 3 24 27 30
-310.00831933 3 24 28 30
-311.11753390 2 17 27
-311.52175253 2 25 30
-311.75495130 2 25 31
-312.70979261 2 28 31
-312.97348394 2 23 25
-313.55500610 1 25
-313.61024727 2 27 31
-314.55653741 1 17
-314.90403510 2 27 32
-315.16327464 2 19 28
-315.83084486 2 19 27
-316.46171176 2 28 32
-318.06738721 2 24 30
-319.59677245 2 27 30
-321.47067828 1 30
-322.72878537 1 31
-322.90368919 2 20 27
-323.89826869 2 20 28
-326.55074624 1 19
-327.70657290 1 32
-331.58047831 1 20
-353.33694147 2 13 22
-354.35666889 0
27 25
-104.59258967 1 28
-179.51914270 2 26 29
-193.74551329 1 29
-322.35334935 2 25 30
-326.85830071 2 25 31
-329.22685951 3 24 26 30
-329.41449400 2 17 25
-330.39441502 2 26 31
-332.33202690 2 26 30
-333.54637344 2 19 25
-334.20593274 1 30
-336.40149977 2 20 25
-336.79055614 2 17 26
-339.51295312 1 31
-340.22955965 1 17
-340.36258840 2 19 26
-341.37098221 2 26 32
-341.57986098 2 25 32
-343.27199405 2 20 26
-351.08248978 1 19
-351.94878317 1 20
-354.17352000 1 32
-363.14900524 1 25
-383.41788847 1 33
-383.82222655 0
28 34
-173.62591151 3 26 27 29
-211.40801799 2 27 29
-227.34670644 2 26 29
-290.38508377 1 29
-337.44356715 2 25 27
-338.89269234 2 27 30
-341.70647235 2 17 27
-342.65051500 2 19 27
-348.17958357 2 27 31
-349.34340296 2 20 27
-350.35619156 2 27 32
-362.87548081 1 27
-496.98841146 3 24 25 30
-498.44289016 2 25 30
-509.13522279 2 25 31
-509.90451932 2 17 25
-519.38591739 2 19 25
-531.86865856 2 20 25
-532.40263764 2 25 32
-542.55823425 3 24 26 30
-543.64552471 2 17 26
-544.20085403 2 26 31
-545.34535776 1 30
-549.84258893 1 17
-554.21984679 1 31
-559.61025685 2 19 26
-566.75726481 2 20 26
-569.26416228 2 26 32
-570.99772845 1 19
-574.43947443 1 20
-575.62552992 1 25
-580.50902342 1 32
-636.33303225 1 33
-642.10511769 0
29 113
-188.74204330 3 26 28 30
-207.17617468 3 17 26 28
-219.69764851 3 26 28 31
-221.92962847 2 26 28
-325.84889198 3 24 28 30
-337.41299422 3 25 28 31
-340.99618582 3 17 25 28
-346.19066495 3 17 28 30
-347.37876584 3 25 28 30
-350.89007254 2 28 30
-351.32175012 2 17 28
-352.39952383 3 26 27 30
-360.84484731 3 17 26 27
-361.42955969 3 24 25 30
-363.69836911 3 25 28 32
-365.17870863 2 28 31
-369.11071282 3 26 27 31
-377.11302321 3 24 25 28
-379.16351055 3 19 25 28
-384.26798918 3 19 26 27
-386.73600198 2 19 28
-387.66666989 3 20 25 28
-388.15329871 2 28 32
-394.31019528 3 17 25 27
-395.95784609 3 25 26 31
-399.89541759 2 20 28
-400.82960816 3 25 26 27
-400.96982587 3 25 26 30
-401.51791502 3 20 26 27
-402.38908700 3 17 25 26
-403.53497477 3 25 27 31
-404.63215497 3 26 27 32
-408.57175317 2 25 28
-410.95673857 3 25 27 30
-417.58302226 3 24 25 31
-421.55501913 3 17 24 25
-429.61339834 3 24 26 30
-430.05802000 3 17 25 30
-431.75225071 3 24 27 30
-431.95757142 3 23 25 30
-432.18604728 3 25 30 31
-436.15020848 2 26 27
-438.62406129 3 25 30 32
-445.89049031 3 25 27 32
-451.29213152 3 16 25 31
-451.36666741 3 17 27 30
-452.94325329 2 17 25
-454.16556199 3 25 26 32
-455.29208368 3 19 25 27
-455.36115490 2 25 31
-455.58364140 1 28
-459.04236733 2 17 27
-460.04788388 2 26 30
-460.62836457 3 19 25 26
-464.57662791 2 27 30
-467.04977003 3 19 25 30
-468.48578144 2 25 30
-470.71368776 2 17 26
-471.56522004 3 20 25 27
-471.58650456 2 26 31
-471.92366990 2 27 31
-473.30285695 3 24 25 27
-481.16246911 3 20 25 26
-486.52735825 3 19 24 25
-486.93922224 3 24 25 32
-499.85099163 2 19 27
-504.04924279 3 20 24 25
-509.54497654 3 15 25 32
-512.60474876 2 27 32
-516.41936601 2 19 26
-519.06824841 2 20 27
-519.16281632 3 23 25 27
-519.72562532 2 25 27
-520.90234382 2 24 30
-521.75128720 2 25 32
-527.61897315 3 19 23 25
-528.01161407 2 26 32
-528.98760536 3 24 25 26
-529.26709301 2 19 25
-532.50642033 2 20 26
-545.48986341 2 20 25
-552.59732709 2 17 30
-558.58626989 2 30 31
-560.57887946 2 25 26
-566.30356962 2 30 32
-568.11878799 2 23 30
-569.99488089 1 17
-570.64740490 2 19 30
-573.90585049 2 16 30
-574.12897935 1 30
-581.56046616 2 24 31
-583.20707972 1 31
-602.40681186 3 16 24 25
-604.68988478 3 15 24 25
-608.03717462 2 24 25
-614.94480419 2 15 27
-615.96366314 2 27 33
-617.22696205 1 27
-620.58374043 2 15 32
-630.95893447 2 15 26
-631.58260122 2 15 19
-637.23677832 2 26 33
-637.71420958 1 19
-645.78995804 1 26
-648.96835871 1 32
-656.01090195 1 20
-656.08199756 2 23 25
-657.44234823 2 15 25
-660.13749566 2 25 33
-660.89312896 1 25
-776.43727386 1 15
-794.95243515 1 33
-807.30367531 0
30 106
-86.70289749 3 17 24 31
-121.67787996 3 15 17 32
-127.93960051 3 15 24 31
-140.46113589 3 15 17 31
-142.18243980 3 15 31 32
-147.20443642 3 24 29 31
-147.29007235 2 15 32
-154.90168016 3 15 17 24
-158.03642840 3 17 24 32
-159.86105805 3 15 29 31
-160.07275324 2 15 31
-166.11574810 2 24 31
-166.22720344 3 17 19 24
-174.57803402 3 17 24 29
-180.49535424 3 17 20 24
-186.35452955 3 15 17 19
-189.52949771 2 17 24
-205.16804769 2 15 17
-219.23596903 3 17 23 31
-237.04274552 3 15 19 24
-238.70194004 2 17 31
-240.91551639 2 15 19
-258.82284978 2 29 31
-259.28365517 3 24 29 32
-264.72674346 3 17 23 32
-273.33130544 3 19 24 29
-280.79616646 2 23 31
-283.44365960 1 31
-284.73175577 3 17 23 29
-285.32127624 3 17 19 23
-286.47128108 2 17 32
-295.01539649 3 15 20 29
-296.27600337 3 17 19 29
-297.56795323 2 17 29
-301.25879755 2 17 19
-301.33532572 2 17 23
-303.46570463 2 15 20
-309.46306313 3 20 24 29
-314.96550703 1 17
-347.33713282 3 23 29 32
-349.87309881 3 19 24 32
-354.27284554 2 29 32
-356.85428710 3 19 23 29
-358.38361719 2 19 29
-368.74090829 2 24 32
-371.46391103 3 19 24 26
-372.98327511 3 15 24 29
-373.54279667 2 19 24
-384.07151914 3 15 16 29
-387.70718133 2 15 29
-389.25135426 2 20 29
-411.64880711 3 16 24 29
-417.88043301 2 19 28
-418.79979426 2 24 29
-419.15822767 2 19 27
-419.91890031 2 19 32
-421.30253488 3 20 24 27
-423.85439814 3 20 24 26
-425.45042187 1 19
-426.47171918 2 28 32
-427.14350486 2 20 24
-430.41245594 2 27 32
-432.21360191 2 20 32
-436.93763463 1 32
-451.61887865 2 20 27
-455.91866911 2 20 28
-463.73617325 2 20 23
-464.18961737 1 20
-472.02213464 3 15 26 28
-474.52873317 3 16 23 29
-476.18912601 2 16 29
-478.29705000 2 23 29
-485.91609612 1 29
-504.67575933 2 15 28
-517.77554257 3 15 26 27
-545.14380764 2 15 27
-549.02617187 3 24 26 28
-550.55392473 2 15 26
-567.02087879 2 15 33
-571.76794403 2 15 25
-572.86517035 1 15
-581.51567475 3 16 26 28
-581.92267717 2 26 28
-603.04685663 3 24 26 27
-618.04929499 2 25 28
-618.61500784 3 16 24 28
-618.84035233 2 24 28
-620.93477773 2 16 28
-622.33103215 1 28
-629.37793611 2 26 27
-654.43627886 2 25 27
-661.78031408 3 24 27 33
-666.61495188 2 24 27
-667.42696606 2 16 27
-669.39274735 3 24 26 33
-669.47449827 1 27
-679.65727000 2 26 33
-681.11397829 2 24 26
-684.57142374 2 16 26
-686.20480148 1 26
-692.37101085 2 25 33
-695.23193475 1 25
-702.79938940 2 24 33
-704.02701522 1 33
-715.17805249 1 16
-719.09079208 0
31 120
-166.26898095 3 24 30 32
-185.24624453 3 19 24 30
-226.90475458 3 15 24 32
-229.27786447 3 20 24 30
-230.82876900 2 24 30
-243.18990107 3 17 30 32
-246.13170203 3 17 19 32
-254.19213421 3 17 24 32
-257.93630924 3 17 19 30
-260.78194768 3 19 30 32
-260.82378737 3 15 17 32
-262.86382831 2 17 32
-281.12424855 3 17 19 24
-281.54989762 3 20 30 32
-284.14963616 3 23 30 32
-286.45106284 3 19 24 32
-288.29063228 2 30 32
-293.61216898 3 15 19 24
-295.16278228 3 24 29 32
-299.56608707 3 15 19 32
-304.16006596 3 17 20 30
-305.28461410 2 17 19
-309.69203431 3 20 24 32
-320.12370105 3 17 23 30
-322.62722098 2 17 30
-324.19516231 3 15 20 32
-329.72455262 3 19 29 32
-333.37328449 2 15 32
-333.45029588 3 15 17 24
-334.88198101 3 17 20 24
-336.58025405 3 19 24 29
-338.28398629 3 19 23 30
-341.83906503 2 24 32
-349.34191671 2 19 32
-352.11226765 3 15 17 20
-355.99709791 2 17 20
-357.16887931 2 19 30
-359.46531790 3 20 29 32
-360.84090817 2 17 24
-368.66183416 2 20 32
-375.65799190 3 23 29 32
-376.66543393 2 19 24
-380.07407568 2 29 32
-380.49192522 3 15 20 24
-388.01851854 2 15 17
-398.89078797 1 17
-399.08623097 3 20 23 30
-408.38282465 2 23 32
-410.21131772 3 15 23 30
-411.34943573 3 20 24 29
-412.87457484 2 20 30
-414.53435215 1 32
-431.32553070 3 19 23 29
-433.65250758 2 15 30
-437.16552185 2 23 30
-437.22985508 3 15 19 23
-438.41916312 2 15 19
-452.93570791 2 19 29
-458.93279597 2 29 30
-460.24305745 2 20 24
-465.96290469 2 19 23
-474.47550543 1 30
-486.97863151 1 19
-523.40855236 3 20 23 29
-526.74913743 3 15 20 23
-531.65917478 2 15 20
-532.69573412 2 20 29
-544.17093750 2 24 29
-552.96823869 2 20 23
-571.14882386 1 20
-649.24233051 3 15 24 28
-655.10236910 3 24 26 28
-660.14792696 2 23 29
-675.11975324 3 15 24 27
-681.46005624 3 16 25 29
-682.53328291 2 25 29
-685.30112009 2 16 29
-685.53149778 2 15 24
-686.02604231 1 29
-697.80707663 3 24 26 27
-703.63995751 2 24 28
-735.91063019 3 24 27 33
-744.37805927 2 24 27
-753.13054140 3 24 26 33
-759.43362474 2 24 26
-759.81802052 3 23 26 28
-767.26536137 2 24 33
-771.48857241 2 26 28
-787.55895494 1 24
-801.09444279 2 15 28
-801.32983598 3 23 26 27
-809.51047415 2 23 28
-810.97207027 3 15 26 27
-815.87289673 3 26 27 33
-819.73027715 2 26 27
-820.65044969 2 28 33
-821.57494983 2 25 28
-822.23736701 1 28
-832.42179464 2 15 27
-836.31717487 2 15 23
-838.34303045 2 15 26
-840.28102036 2 15 33
-842.00820909 3 23 27 33
-845.91444569 3 23 26 33
-846.34484922 2 27 33
-846.44492468 1 15
-848.99443526 2 23 27
-851.77455243 2 25 27
-855.71207764 2 23 26
-855.99078246 2 26 33
-859.49382994 2 23 33
-865.81336448 1 27
-872.06482170 2 25 33
-877.72097823 1 33
-878.49475439 1 26
-878.66417101 2 23 25
-882.70190121 1 23
-888.06525696 1 25
-905.34908085 1 34
-910.12263791 0
32 79
-179.24078090 3 15 30 31
-194.43083994 3 15 17 31
-197.13109434 2 15 31
-226.96469680 3 15 24 30
-227.30825055 1 31
-238.13540338 3 15 17 30
-278.24342132 3 15 23 30
-282.56417257 3 15 19 30
-284.62763654 2 15 30
-285.84406565 3 15 17 19
-296.95858914 3 15 17 24
-309.06782493 3 15 19 24
-317.89020165 3 15 17 20
-321.62557111 2 15 17
-332.24601187 3 19 24 30
-336.03320867 2 24 30
-338.38592768 2 17 19
-355.91570973 2 19 24
-357.96504510 2 15 19
-361.93673694 2 17 30
-373.75527784 2 19 23
-374.88337650 2 19 30
-377.74213158 2 17 20
-380.41489806 1 19
-390.08248245 3 15 20 24
-390.43096289 1 17
-414.38673193 2 20 30
-419.30951927 2 20 24
-426.49013213 2 23 30
-432.91796913 2 29 30
-433.94927269 2 30 33
-435.61004378 2 15 20
-440.74337886 1 30
-441.42131839 2 20 23
-444.98419194 2 20 33
-446.36274738 1 20
-503.00145653 3 15 24 29
-532.07021602 3 16 24 29
-534.05306079 2 24 29
-554.34920110 2 15 29
-563.37758354 2 29 33
-563.45128582 2 16 29
-564.56121971 1 29
-597.16088717 3 24 26 28
-610.38813521 3 15 24 28
-614.30356659 2 26 28
-629.08062054 3 24 26 27
-632.90249110 3 26 27 33
-634.42284662 2 24 28
-640.74979623 3 15 24 27
-644.61787071 3 15 24 26
-648.45853026 2 26 27
-652.23587148 2 15 28
-652.66989658 3 24 26 33
-653.30565317 3 24 27 33
-657.78397245 2 28 33
-658.39480739 2 15 24
-661.30044204 1 28
-661.51667131 2 24 33
-664.38702604 2 26 33
-665.04027897 2 24 27
-669.32202871 2 24 26
-671.15191438 2 27 33
-681.39459117 2 23 33
-683.43460807 2 15 27
-684.05059866 1 33
-689.50717131 2 16 24
-690.13823442 1 24
-690.23402886 2 15 26
-691.27756748 2 23 27
-693.24782976 1 27
-693.57542867 2 23 26
-696.24644032 1 26
-710.20273453 1 15
-713.74127449 1 23
-717.26659452 1 34
-720.02518067 1 25
-721.83289013 1 9
-722.89653631 0
33 92
-123.91080814 3 14 32 34
-127.69528771 2 14 34
-140.57831351 3 8 14 32
-142.91106162 3 8 14 20
-143.12202202 3 8 14 19
-144.56776287 3 8 14 31
-145.42386963 3 8 14 17
-149.00204584 2 8 14
-152.31612212 3 9 14 20
-153.92546590 3 9 14 19
-154.46673391 2 9 14
-158.81880108 3 11 14 32
-159.47669982 2 11 14
-159.89154894 3 14 32 35
-162.14753231 2 32 34
-165.37747185 2 19 34
-166.04850077 3 14 19 35
-166.28048539 2 34 36
-167.47079900 2 17 34
-167.81692034 3 14 20 35
-169.84015562 2 20 34
-170.54479745 2 31 34
-175.60314363 1 34
-178.24953282 2 14 35
-180.84782270 2 8 17
-183.10438270 3 7 8 32
-184.67264027 2 8 32
-190.08117695 2 8 20
-190.17773699 2 8 31
-190.83418809 3 10 11 32
-190.98365708 2 8 19
-193.31412579 3 10 11 19
-195.50352992 2 14 32
-196.17902155 2 7 8
-196.35312102 3 9 11 32
-197.40429719 3 9 11 19
-197.54694528 2 11 32
-197.59360200 3 8 9 36
-198.05476218 2 11 17
-198.32880619 2 9 17
-198.46804629 2 9 19
-199.83768256 2 9 32
-200.03478975 2 8 9
-200.15980798 1 8
-200.74078518 2 9 11
-201.28055539 3 10 11 20
-201.73043543 2 11 19
-202.08347687 2 9 31
-203.49516017 2 14 19
-203.68542910 2 14 31
-205.59059235 3 10 11 31
-205.68382099 2 9 20
-207.09834517 3 9 35 36
-207.49427025 2 9 36
-207.55558406 2 14 20
-208.60768115 2 11 31
-208.67969020 2 10 11
-208.89858539 2 11 20
-210.01244511 2 9 30
-210.12227975 2 9 10
-210.54913201 2 14 17
-210.91270664 1 9
-211.42337644 2 11 36
-214.07915726 2 11 29
-215.51690654 1 11
-221.85113600 2 35 36
-223.00811672 2 32 35
-227.29755745 2 14 30
-233.54720224 2 14 29
-233.56668182 2 19 35
-234.00236259 2 17 35
-235.52718736 2 31 35
-235.97200642 3 6 20 35
-236.90473048 2 20 35
-241.05021769 2 6 35
-242.52602324 2 30 35
-242.68171348 1 14
-246.04701451 1 35
-296.45935059 1 32
-302.90362855 1 31
-303.77467074 1 17
-306.57556341 2 19 36
-307.66699011 1 19
-309.46223965 1 20
-318.57634669 2 24 30
-318.63368082 2 23 30
-320.24151137 1 30
-321.27866177 1 36
-322.95404807 1 29
-329.53320280 1 28
-334.90095016 1 27
-335.30528823 0
34 51
-67.51959665 3 8 9 11
-83.60460135 3 8 9 35
-83.76783802 3 8 11 35
-84.70472738 3 9 11 35
-86.04616328 3 7 8 9
-86.10843544 3 9 10 11
-89.81832120 3 7 8 11
-90.53740095 3 8 10 11
-91.80121132 3 8 9 10
-92.21273537 3 7 8 35
-93.31602226 2 8 9
-95.73249371 2 8 11
-101.00461131 3 9 33 35
-103.44237596 3 8 33 35
-107.78238567 3 6 8 35
-108.65492009 2 8 35
-108.68156742 2 9 11
-114.63271004 3 6 9 35
-117.62127059 3 10 11 35
-119.65872544 3 9 10 35
-121.74435817 2 9 35
-123.81266951 3 11 33 35
-127.66214546 3 6 11 35
-129.35722462 2 7 8
-133.60211901 2 9 33
-136.16776988 2 8 33
-137.76253190 2 11 35
-145.15448331 2 9 10
-148.84496131 3 10 11 33
-151.06928465 1 8
-156.03992626 2 10 11
-156.39336248 1 9
-163.84173320 2 11 33
-187.40991332 1 11
-223.91765949 3 6 33 35
-239.60712675 2 33 35
-259.66023611 2 6 35
-298.47942534 1 35
-399.81190793 2 33 36
-406.79388309 1 33
-525.02726764 2 14 36
-526.73186654 2 14 19
-533.74172223 2 14 32
-539.09188955 1 14
-554.81008431 1 36
-560.86608590 1 32
-561.72247063 1 31
-563.11535320 1 19
-564.18064046 1 20
-566.10052487 1 13
-566.49602769 0
35 146
-296.59196360 2 6 34
-366.29470178 3 6 9 33
-367.32782656 3 6 8 9
-370.58916616 3 6 8 11
-374.18336731 2 6 9
-374.80718505 2 6 8
-393.35061106 3 6 10 11
-393.97978721 2 6 11
-488.35259263 3 6 33 36
-514.86023936 2 6 33
-546.18876688 3 3 5 34
-550.09394143 3 14 34 36
-555.64857827 3 3 34 36
-556.27031053 3 6 14 36
-563.04599345 3 5 34 36
-564.07524658 3 0 3 34
-565.89375584 3 0 34 36
-572.96308074 3 4 5 34
-573.98748591 3 4 34 36
-588.24026307 2 34 36
-593.11120498 3 2 5 34
-593.51376170 3 1 5 34
-594.31548112 2 6 36
-596.83644431 2 3 34
-597.66489690 3 0 4 34
-599.34301261 3 9 14 36
-599.51714544 2 4 34
-606.48447963 3 3 5 9
-607.77277737 3 3 5 8
-609.29110877 3 11 14 36
-612.11926582 3 8 14 36
-614.26000599 3 5 8 36
-614.80175960 1 6
-616.95945299 3 5 9 36
-617.91038915 2 5 34
-618.37186550 3 0 2 34
-619.73371779 3 3 9 36
-619.79199614 3 0 9 36
-620.27542075 3 3 8 36
-620.88530793 2 2 34
-621.20109476 3 0 1 34
-621.25797441 3 0 8 36
-624.89853616 3 3 5 11
-625.16931154 3 0 3 9
-628.81912624 3 0 3 8
-633.13120623 2 0 34
-633.65771903 3 5 11 36
-635.98660250 3 0 11 36
-636.65172013 2 1 34
-637.90849502 3 9 33 36
-638.30442011 2 9 36
-638.89942006 3 4 8 36
-639.49626634 3 4 5 9
-640.56307873 3 3 11 36
-642.83971474 2 8 36
-643.27762241 3 0 3 11
-644.73077327 3 4 5 8
-651.81210943 2 3 9
-653.32088474 2 11 36
-655.17677671 3 2 5 8
-659.03375071 3 4 5 11
-659.45740016 2 3 8
-659.57188749 3 2 5 9
-660.30736758 3 1 5 9
-660.63805245 3 0 4 8
-661.16273342 2 4 9
-663.60877648 2 4 8
-667.20844887 2 5 9
-668.65887204 2 3 11
-669.11103291 1 34
-669.47568904 3 1 5 8
-671.52239261 2 5 8
-675.21682406 3 1 5 11
-676.52404499 2 4 11
-678.17140855 3 14 33 36
-679.56612992 3 2 5 11
-679.64347649 3 0 2 8
-680.76651316 3 0 2 9
-681.52174586 2 2 9
-683.48412016 2 5 11
-683.60866760 2 0 9
-684.44531625 2 2 8
-688.50847018 3 0 1 8
-689.20476816 2 0 8
-693.26974932 2 1 9
-693.72358794 3 0 33 36
-694.66491930 3 0 14 36
-697.48662900 3 5 33 36
-699.40658558 2 0 11
-699.52295162 3 3 33 36
-700.18293372 3 5 14 36
-700.74517264 2 2 11
-703.93635426 2 1 8
-706.13371241 3 3 14 36
-708.83602400 2 1 11
-715.12470162 3 4 33 36
-715.85918080 2 8 9
-716.33904721 1 9
-716.97300372 2 14 36
-720.55857192 2 8 11
-724.43927968 3 3 5 33
-725.29002326 1 8
-728.96761890 2 33 36
-731.90954899 1 11
-740.42622832 3 0 3 33
-757.41853522 3 3 5 36
-759.38968301 3 0 3 36
-760.89688226 3 4 5 33
-772.70918977 3 2 5 33
-775.15704067 3 0 4 33
-777.01280075 2 3 33
-778.92672013 2 4 33
-784.03816016 3 1 5 33
-788.49564170 3 0 2 33
-789.38280045 2 3 36
-793.27344387 2 4 36
-794.62563116 2 0 36
-794.81888804 2 5 33
-795.17468082 2 5 36
-798.50885782 2 2 33
-801.98467677 3 0 1 33
-807.53312452 2 0 33
-810.29691119 2 3 5
-810.77367509 2 2 36
-814.66254041 2 1 33
-822.96098777 2 1 36
-825.01665640 2 0 3
-828.39514468 1 36
-841.36420366 2 4 5
-847.86936153 1 33
-852.12595008 2 2 5
-852.51490888 2 0 4
-856.27250234 2 3 4
-861.03290292 2 1 5
-861.36201591 1 4
-864.33967737 2 0 2
-865.81682369 2 2 3
-865.91557354 1 3
-875.84128241 2 0 1
-879.82696877 1 2
-884.22399460 1 5
-894.02938217 1 1
-895.57426338 2 0 14
-895.72482600 1 0
-934.84886358 1 14
-937.12763525 0
36 29
-578.11715775 2 14 35
-689.43072907 2 6 14
-781.92839570 2 14 34
-785.18928726 2 5 14
-789.10929905 2 3 14
-795.99301761 1 14
-933.13133003 2 33 35
-957.32720854 1 35
-997.29721747 2 6 33
-1000.71198368 1 6
-1043.67881779 2 5 33
-1045.05109749 2 33 34
-1046.67979255 2 3 33
-1048.81892661 2 3 5
-1049.75820052 2 5 34
-1051.45085718 2 13 33
-1052.03307265 1 33
-1052.44085809 2 3 13
-1052.60520136 2 3 34
-1053.34347741 1 3
-1054.37375573 1 34
-1054.44012371 1 5
-1060.24434422 1 8
-1060.63362047 1 9
-1062.80069486 1 4
-1063.44609856 1 13
-1064.48188796 1 11
-1064.91186854 1 0
-1066.05969911 0
