37
0 17
-52.51695352 2 5 10
-54.03494771 2 3 5
-54.10147946 1 5
-69.82240800 2 4 6
-73.12732542 2 4 10
-73.16754079 1 4
-75.00308260 2 1 6
-76.58476336 2 2 6
-78.00264445 2 2 10
-78.46613531 2 2 3
-79.14233916 1 2
-79.37019703 1 1
-87.79648509 2 3 6
-91.67598113 1 6
-98.47497077 1 35
-103.26359459 1 10
-105.51622114 0
1 16
-162.15060547 1 4
-204.30774144 2 2 5
-211.26635116 1 2
-270.21531987 2 3 5
-294.22832335 2 0 3
-306.69992353 2 3 6
-319.88756813 1 3
-329.57355070 2 5 6
-342.19735602 2 5 35
-344.46279100 2 0 6
-348.98908191 1 5
-361.13568954 1 6
-366.49893510 2 0 35
-373.13434628 1 0
-378.64123718 1 35
-399.28037039 0
2 18
-116.90536308 1 4
-188.89392940 3 1 3 5
-193.66702541 3 0 1 3
-194.34147572 2 1 3
-241.39253389 2 3 5
-250.50583877 1 1
-261.50644569 2 0 3
-281.75705379 2 3 6
-290.65290601 1 3
-360.77458430 2 5 6
-377.09636536 2 0 6
-378.45881859 2 5 35
-392.18758313 1 6
-395.81895983 1 5
-399.58707161 2 0 35
-412.14597602 1 0
-413.41341934 1 35
-438.51985800 0
3 17
-115.89314421 2 4 6
-118.53011505 1 4
-120.36188088 3 2 5 6
-120.69828459 2 2 6
-122.01088790 2 2 5
-125.63142077 2 0 2
-126.30762462 1 2
-176.69304792 2 1 6
-193.74114298 2 1 35
-194.78177435 1 1
-220.98012176 2 5 6
-227.24931788 2 0 6
-231.12881393 1 6
-248.00090783 1 35
-273.75353226 1 36
-274.16158935 1 13
-274.17457662 0
4 28
-51.19133807 3 1 2 3
-56.04617753 2 1 2
-79.54014412 3 2 3 5
-81.62105637 2 2 5
-87.35113351 2 2 3
-93.25839336 2 0 2
-93.66791687 1 2
-106.62735841 3 1 3 5
-109.61464281 3 0 1 3
-109.88961835 2 1 3
-173.21694961 3 1 5 6
-174.08945150 2 1 5
-176.05399707 2 1 6
-176.85349127 2 0 1
-178.15264687 1 1
-201.17157579 2 3 5
-226.98812380 2 0 3
-246.47328457 2 3 6
-259.63795022 1 3
-320.79927578 2 5 6
-339.85538116 2 0 6
-340.23021761 2 5 35
-357.31983673 1 5
-361.70895429 1 6
-367.38153989 2 0 35
-382.93373144 1 0
-386.48037509 1 35
-415.28241180 0
5 39
-15.17007598 3 0 4 6
-18.35571687 3 0 2 6
-19.20399344 3 0 4 35
-19.97389831 3 0 1 6
-20.15546261 2 4 6
-22.35768474 3 0 3 6
-22.94275542 3 0 1 35
-24.12828592 3 0 2 35
-25.35563878 2 0 4
-26.68438882 2 0 6
-27.71914464 2 0 1
-29.31573858 3 2 3 6
-29.50300229 2 1 6
-29.65214230 2 2 6
-31.76488504 3 4 34 35
-31.86288320 2 4 35
-33.84148663 3 0 2 3
-34.60676416 2 0 2
-36.24658952 3 0 34 35
-38.04857276 3 0 8 35
-38.06161931 3 0 33 35
-38.75730100 3 0 3 35
-38.79331980 2 0 35
-41.66436914 1 4
-41.66915953 2 1 35
-42.92935090 3 2 3 35
-43.15843994 2 2 35
-46.76988686 3 1 2 3
-48.21220253 1 0
-49.33565572 1 1
-50.91644896 2 3 6
-52.62930931 2 2 3
-56.92604604 1 2
-61.06514112 1 6
-76.01523118 2 34 35
-77.01530818 2 8 35
-78.11304069 1 35
-96.75927441 1 36
-99.62694421 0
6 38
-154.27762725 3 5 34 35
-156.50058717 3 3 5 35
-158.89477125 3 3 34 35
-160.03258388 2 34 35
-172.84162011 2 5 35
-173.16628416 3 3 8 35
-174.59087624 3 0 3 35
-175.74123381 2 3 35
-176.48565774 2 8 35
-182.91189541 2 4 35
-184.21269673 2 33 35
-185.36248079 2 11 35
-186.45972178 2 0 35
-186.94268305 1 35
-249.36683030 2 3 5
-268.30346143 2 4 5
-269.77964684 2 2 5
-280.52395223 2 0 3
-285.40849118 2 1 5
-286.09679383 3 5 14 36
-286.46723518 2 0 4
-287.15241818 2 1 3
-287.17539712 2 3 4
-289.17854315 2 3 36
-289.81236796 1 4
-291.44421056 2 2 3
-292.83757857 2 5 36
-294.49597479 2 0 2
-297.05355059 1 2
-300.34006277 1 3
-300.87403018 2 0 1
-304.82402238 1 5
-305.24114461 1 1
-305.75674350 2 14 36
-318.05692978 2 0 36
-319.48301534 1 36
-329.54558546 1 0
-343.38582546 0
7 7
-36.56466970 3 8 26 34
-36.72858303 2 8 34
-41.25883185 3 0 8 19
-42.61617222 2 8 19
-44.35081551 3 8 18 28
-44.64463733 1 8
-87.30750577 0
8 28
-96.11329694 2 7 34
-148.21579675 1 34
-149.00186197 3 7 10 11
-150.27617989 3 7 11 33
-152.19827524 2 7 11
-159.95852641 3 7 9 33
-161.10516470 3 7 9 10
-161.95709555 2 7 9
-193.54241902 2 10 11
-195.20186693 1 11
-196.01994432 3 7 33 35
-201.45955568 2 9 33
-203.08377094 1 9
-206.69459959 3 6 7 35
-214.72296051 2 7 35
-232.42592120 3 6 33 35
-233.06875756 2 33 35
-238.13863702 2 7 33
-244.75919714 2 6 35
-254.11848995 2 5 35
-255.21622245 1 35
-277.18409095 1 33
-291.70520025 2 7 19
-291.80075669 2 7 32
-294.90622922 1 7
-337.36541865 1 20
-337.53660749 1 32
-337.56909767 0
9 22
-101.71371755 3 10 33 34
-102.48478911 2 10 34
-123.17030889 3 10 11 33
-130.94628497 2 10 11
-131.97559354 3 11 33 34
-141.17652780 2 11 34
-146.34420082 2 11 33
-148.36909742 2 8 10
-150.00647846 1 11
-171.60898822 3 10 33 35
-201.95606580 2 10 35
-220.70731265 2 10 33
-239.26308600 2 33 34
-242.24241975 1 34
-274.82077163 1 8
-286.48120473 2 10 32
-287.43163374 1 10
-302.13527986 2 33 35
-327.61595125 1 35
-351.89283000 1 33
-405.35321034 1 32
-409.30609836 0
10 14
-32.70420354 3 9 11 34
-51.89484561 3 0 9 34
-52.25309047 2 9 34
-53.51771278 3 8 9 11
-53.62950491 3 9 11 33
-54.11302774 2 11 34
-54.75659135 2 9 11
-57.82090385 3 0 9 33
-58.06920778 2 9 33
-64.92208222 1 9
-72.15733693 2 8 11
-73.81678484 1 11
-184.54392029 1 0
-186.79654683 0
11 21
-84.50198575 2 10 34
-121.33378717 2 9 34
-130.62877811 3 8 9 10
-132.78868004 2 9 10
-139.44204554 2 8 10
-141.32855219 3 7 8 9
-142.23560344 2 9 33
-142.95417091 1 9
-187.17915685 3 10 33 35
-199.72371478 3 6 10 35
-203.05020617 2 10 35
-222.39967913 1 34
-235.33290432 2 10 33
-259.88656007 1 8
-289.27402881 1 10
-304.03367192 2 33 35
-317.23927062 2 6 35
-318.81947288 1 35
-347.78423262 1 33
-400.26858248 1 32
-402.25379081 0
12 3
-149.75359998 2 22 27
-149.82469010 2 5 18
-149.92645680 0
13 4
-31.78746961 1 14
-33.26919720 1 36
-35.82823934 1 3
-35.84122661 0
14 9
-352.87947109 2 35 36
-379.10949461 3 6 33 36
-385.19997680 2 6 36
-388.17538439 2 33 36
-398.92624864 1 36
-520.32132485 2 13 33
-523.12581347 1 33
-545.44633593 1 13
-549.50009293 0
15 31
-119.90753834 2 30 32
-167.27451310 3 17 24 32
-168.55119191 2 19 30
-173.16898320 2 30 31
-182.10429317 2 24 30
-188.65644490 2 20 30
-190.80630353 2 23 30
-190.86125640 2 17 30
-192.48922292 1 30
-198.69283357 3 24 31 32
-207.58379127 3 17 24 31
-210.55438127 2 17 32
-216.88156345 2 17 24
-220.46297102 2 24 31
-224.87233591 2 31 32
-232.64178646 3 24 29 32
-243.64851579 3 16 29 32
-243.66600797 1 31
-244.12480477 3 19 24 32
-245.62888314 2 24 32
-248.74962775 2 29 32
-253.56673735 2 12 24
-254.08192987 2 19 32
-254.24100328 1 17
-254.54466362 3 16 24 29
-254.55300579 1 24
-254.97702871 2 23 32
-255.41645597 1 32
-256.14247819 1 29
-258.85566271 1 23
-261.52619417 0
16 9
-85.55443744 2 29 30
-86.86689214 1 25
-87.91779370 2 26 30
-87.94093126 1 30
-88.64644708 1 19
-89.46934020 2 23 33
-89.89226114 1 32
-90.20720786 1 20
-90.45982478 0
17 76
-122.38857029 2 24 30
-164.80221944 3 15 24 32
-166.16541713 3 15 24 31
-170.70157596 2 30 31
-179.04459688 2 24 31
-187.74361259 1 31
-202.96222858 3 15 19 24
-206.85164065 2 30 32
-219.71979476 2 23 30
-230.02245309 2 19 30
-235.75319415 3 24 29 32
-235.93947768 2 19 24
-235.97565431 2 15 32
-239.35299216 2 20 30
-239.73273063 2 15 30
-241.36069716 1 30
-243.15658948 2 24 32
-269.21665377 3 15 20 24
-270.34352683 3 23 29 32
-272.03227167 3 19 23 26
-272.34115680 2 19 23
-273.83396760 2 19 32
-276.58665020 2 23 32
-277.22031726 2 15 19
-277.59981785 2 19 26
-277.69763947 3 20 24 29
-278.67381614 2 29 32
-278.68660399 2 26 32
-280.83772901 1 32
-280.96124099 1 19
-291.13159623 3 20 24 26
-291.14534137 2 20 24
-292.69034023 3 16 24 29
-296.49761976 3 15 24 29
-299.42942062 2 24 29
-306.56681000 3 20 23 26
-309.59802819 3 20 23 29
-310.30233074 2 20 23
-314.62256348 2 20 29
-324.30453278 2 20 26
-332.52728081 1 20
-338.85664295 3 16 23 29
-338.93061227 2 23 29
-342.45143022 2 16 29
-343.97542953 1 29
-353.80287517 3 15 24 28
-354.14373296 3 24 26 28
-360.52964166 3 15 24 33
-365.70958321 2 15 24
-380.57197935 2 24 28
-384.09502570 3 24 26 33
-384.86644476 3 24 26 27
-388.92419332 2 26 28
-390.75867246 2 24 26
-397.89680212 2 24 33
-399.98583340 2 24 27
-403.38102554 1 24
-415.75893267 3 26 27 33
-417.69285112 3 23 26 33
-418.63405268 2 26 27
-418.77341398 2 23 28
-419.09073355 1 28
-427.07789770 2 23 26
-427.40836463 2 26 33
-432.37185089 2 23 33
-433.55998368 2 27 33
-435.77324853 2 23 27
-436.49438849 1 26
-437.70814769 2 25 27
-438.00574812 2 15 33
-438.49757391 1 27
-441.13228571 1 23
-444.77746975 1 33
-448.17937710 1 15
-450.22445599 1 25
-455.46456799 0
18 4
-77.58997921 1 19
-79.81333469 1 20
-93.15140249 2 5 12
-93.56242805 0
19 75
-31.29182872 2 20 31
-42.82789016 2 20 32
-48.85253962 2 18 31
-54.13759827 3 15 20 30
-54.15100881 2 17 20
-57.08022387 3 20 24 30
-59.07020992 3 18 20 30
-59.80625060 3 7 20 30
-60.23979681 2 20 30
-66.35263254 1 31
-79.60217529 3 20 23 29
-80.11333747 3 17 18 32
-80.18561089 3 18 30 32
-83.80255567 3 15 18 30
-83.99809157 3 15 18 32
-84.14238360 2 20 29
-85.03536520 2 20 23
-87.05722489 3 18 24 30
-88.72785419 2 18 32
-93.04532223 1 20
-95.88602949 2 17 32
-97.41795205 2 30 32
-101.02798422 3 17 18 30
-101.55526480 2 15 32
-101.77058862 2 24 30
-102.24208342 2 15 30
-102.88979091 1 32
-103.12823497 2 17 18
-105.91284830 3 18 23 30
-108.29797057 2 18 30
-114.84187037 2 17 30
-117.92312900 1 17
-123.69926609 2 23 30
-126.18011443 1 30
-188.08304346 3 18 29 33
-189.63051651 3 16 18 29
-190.13810377 3 16 29 33
-191.72156062 2 18 29
-191.73155089 2 29 33
-195.46373533 2 16 29
-199.84214712 1 29
-216.92431945 3 18 26 28
-218.73042379 3 26 28 33
-223.13521578 3 16 26 28
-224.92311957 2 26 28
-246.91328294 3 18 28 33
-247.75848537 3 26 27 33
-248.98316940 3 18 26 27
-249.05999398 2 28 33
-252.36910242 2 18 28
-255.85203651 3 18 26 33
-256.24174724 3 18 27 33
-257.49024767 2 16 28
-258.58739826 1 28
-259.33020611 2 26 27
-262.32507842 2 18 33
-264.22353627 2 27 33
-266.20919779 3 16 18 27
-266.57683360 2 18 27
-267.39182228 3 16 18 26
-267.71796117 2 18 26
-267.97699360 2 26 33
-274.86313730 2 25 27
-275.60071676 2 16 18
-275.77813558 2 16 33
-276.07514222 2 16 27
-276.19262347 1 33
-276.45400715 1 18
-277.83479169 1 27
-280.81588258 2 16 26
-282.29013283 1 26
-290.61307830 1 16
-291.37955683 2 7 8
-292.37263043 1 25
-292.42645600 0
20 70
-84.72271464 2 19 23
-101.26234660 1 19
-112.90800538 3 18 23 31
-128.27508819 2 18 31
-130.75290310 2 23 31
-135.11035210 3 18 23 30
-141.98648229 3 18 23 32
-143.24222297 1 31
-148.67545525 2 23 30
-149.79043535 3 18 24 30
-151.10781113 3 17 18 23
-152.01662223 3 18 30 32
-155.32726140 3 15 18 32
-155.87370308 2 23 32
-156.50449417 2 18 32
-158.57849496 3 15 18 30
-163.33845529 2 18 30
-165.23787397 2 17 18
-165.38114635 2 24 30
-165.97463176 2 17 23
-166.21039311 1 32
-176.83694355 2 15 30
-177.70619319 1 17
-180.66972157 1 30
-218.61785328 3 23 29 33
-220.32071664 3 18 29 33
-223.47503045 3 18 23 29
-224.71621981 3 16 23 29
-225.71716973 2 23 29
-225.82205623 2 29 33
-226.44839289 2 18 29
-235.81616925 1 29
-251.29050402 3 26 28 33
-251.56612941 3 23 26 28
-253.98790623 3 18 26 28
-258.65055349 2 26 28
-261.66581984 3 18 28 33
-264.46654461 2 28 33
-266.96971259 3 18 26 33
-267.78989304 3 26 27 33
-269.89560764 3 18 23 28
-269.90539983 3 18 27 33
-270.09105780 2 18 33
-270.18148919 2 18 28
-274.32129115 2 27 33
-275.12597283 2 23 28
-275.15954435 3 18 26 27
-275.91802265 3 23 26 33
-276.39088843 1 28
-276.99009460 3 23 26 27
-277.28501360 2 26 33
-280.12150191 2 23 33
-280.40143676 3 18 23 26
-280.76175432 2 26 27
-281.48006957 2 18 26
-281.54008771 3 18 23 27
-281.75803530 1 33
-282.65850058 2 18 27
-284.30501854 2 18 23
-286.89438700 1 18
-287.64197841 2 23 27
-290.27152949 2 23 26
-290.33174278 1 27
-294.21692946 1 26
-296.80458673 1 23
-299.65935179 1 24
-300.10679629 1 34
-300.39086345 1 16
-300.43980135 1 8
-300.64348037 0
21 2
-193.30190350 1 22
-197.30110181 0
22 3
-12.39361394 1 21
-16.08697737 2 12 23
-16.39281225 0
23 30
-85.87247175 3 20 24 31
-87.10638006 3 19 20 24
-89.37450829 3 20 24 30
-90.88082419 1 24
-103.21172913 3 17 20 30
-105.30537453 3 20 30 31
-111.90786754 3 20 30 32
-112.01586878 2 20 31
-112.99422387 3 10 20 30
-113.10285208 2 20 30
-116.65523644 2 17 20
-121.30300849 2 30 31
-123.02391268 3 15 20 32
-123.45621600 2 17 30
-124.50518865 1 31
-127.35672010 3 15 19 20
-128.38679788 1 17
-130.17944687 2 30 32
-130.66318326 2 20 32
-130.87022949 2 19 20
-132.91401519 2 15 20
-136.96279630 3 7 15 18
-138.88018652 1 20
-139.92503932 2 15 18
-140.04854870 1 15
-140.54077946 3 16 18 33
-140.99987329 1 32
-141.88229470 2 16 33
-142.61627005 2 19 30
-142.71908016 0
24 30
-27.84620073 3 17 30 31
-51.22098476 3 15 17 31
-57.47385499 3 23 30 31
-60.64083473 3 17 23 30
-63.34715613 2 30 31
-65.80434373 2 17 30
-68.95384436 3 15 23 31
-73.75227877 3 15 17 23
-78.31406542 2 15 31
-79.06997003 2 23 31
-85.36737171 3 15 17 32
-86.93583815 2 15 17
-92.81808666 2 17 31
-99.64555062 2 17 23
-101.51710237 1 31
-122.36379234 2 23 32
-124.29527798 1 17
-124.54056445 1 23
-144.11440061 2 30 32
-156.26346720 2 25 29
-156.54080658 2 15 32
-160.36694479 2 19 30
-164.57564606 2 25 28
-166.32837941 1 32
-168.52931345 2 25 27
-169.40563205 1 15
-169.48789539 2 20 30
-171.69737184 1 25
-175.39469184 1 20
-176.37882043 0
25 25
-477.40310023 3 16 24 29
-482.35064867 2 24 29
-508.13853298 3 24 26 28
-512.96546341 1 29
-524.34555505 2 26 28
-539.13105394 3 24 26 27
-539.31171762 2 24 28
-546.60730345 3 26 27 30
-548.92619741 2 26 27
-556.27175768 2 26 30
-558.57460677 2 16 26
-558.70124252 2 24 27
-558.87550667 1 28
-559.18285795 1 26
-559.23794119 2 27 30
-566.97578106 2 19 27
-569.15800923 2 17 27
-569.94743544 1 27
-581.87095102 1 17
-582.01373078 1 30
-582.42961444 1 24
-583.51813038 1 16
-585.91901190 1 31
-587.05723746 1 19
-587.11106302 0
26 34
-41.72363872 2 28 29
-79.01302163 2 27 29
-83.73759797 1 29
-106.84669786 3 19 25 28
-111.45819610 2 25 30
-111.87455929 3 25 28 31
-113.35548826 3 25 28 32
-113.52687548 3 17 25 28
-116.46898927 3 20 25 28
-119.09413149 2 19 25
-120.28831350 2 25 28
-120.84281629 2 25 32
-121.15398643 2 19 28
-121.34804019 2 17 25
-122.88121516 2 25 31
-123.24841197 2 20 25
-123.50512479 2 28 30
-124.18521360 2 28 32
-124.34907949 1 25
-124.65172489 2 17 28
-126.77553844 2 28 31
-133.30710506 1 17
-136.12875293 2 27 30
-137.07793017 2 20 28
-137.17703164 2 16 30
-137.20016921 1 30
-137.70073558 3 10 19 27
-138.13934647 2 19 27
-139.67422624 2 27 32
-139.69655670 1 31
-142.14096139 1 19
-142.83610062 1 32
-145.85073365 1 20
-152.27728456 0
27 22
-76.50477314 1 28
-122.59643030 2 26 29
-127.32100663 1 29
-187.87743450 2 19 25
-190.94105491 2 25 32
-191.20774743 2 25 30
-192.87061934 2 17 25
-194.13012840 2 25 31
-195.78870798 3 20 23 25
-198.75968031 2 20 25
-202.21886924 2 24 25
-203.95727598 2 19 26
-205.38692763 1 25
-205.58356113 1 17
-207.95889090 1 19
-209.20965862 1 31
-209.96954121 2 26 32
-212.23881763 1 20
-212.91212074 2 26 30
-213.13141560 1 32
-213.98353703 1 30
-222.55055522 0
28 38
-86.03570764 3 26 27 29
-113.79480772 2 26 29
-115.52437639 2 27 29
-155.80876697 1 29
-191.76106187 3 19 26 27
-194.85759041 3 26 27 32
-197.91316729 3 26 27 30
-197.97892167 3 25 26 27
-198.49725433 2 27 30
-198.70823920 2 19 27
-199.02723362 1 27
-285.43301099 3 19 25 26
-286.71133823 3 17 25 26
-290.24698300 2 19 26
-292.34494506 3 25 26 31
-293.08970222 2 25 30
-294.17479821 3 25 26 32
-294.53250295 2 17 25
-297.68044462 2 19 25
-300.04380109 2 17 26
-301.08891256 2 26 32
-301.66212624 2 25 32
-301.97470268 2 26 30
-302.90025666 2 26 31
-303.35160092 2 25 31
-308.69918125 1 17
-308.71823096 3 20 25 26
-309.71573356 2 24 25
-311.23395796 1 19
-312.04762028 2 20 26
-312.77669334 2 25 26
-315.49765365 2 20 25
-315.66974711 1 30
-315.82127492 1 31
-316.83745934 1 25
-319.73979958 1 32
-320.82042376 1 20
-345.07301570 0
29 85
-95.06093459 3 26 28 30
-110.00071753 2 26 28
-156.71067803 3 25 28 30
-168.47960036 2 28 30
-173.91181062 3 17 25 28
-175.63668817 3 19 25 28
-178.75201266 3 25 28 31
-181.94577816 2 17 28
-183.28666475 2 28 31
-183.92934627 2 19 28
-188.68635281 3 25 28 32
-189.96801074 3 20 25 28
-190.26146210 3 26 27 30
-191.45160271 2 25 28
-191.65058790 3 15 28 32
-192.37306981 2 28 32
-204.24297185 2 20 28
-209.31662471 3 17 26 27
-211.44047598 3 19 26 27
-212.21601679 3 26 27 31
-214.93209457 3 26 27 32
-214.94109839 3 25 27 30
-217.97294588 3 24 25 30
-223.09534393 1 28
-224.98594731 3 17 25 27
-227.51295456 3 20 26 27
-228.95326356 3 25 26 27
-234.13742503 2 27 30
-237.05477364 3 25 27 31
-238.68291985 3 25 26 30
-239.49913366 2 26 27
-242.39493187 3 24 25 31
-242.97693985 3 23 25 30
-245.59526380 2 25 30
-245.70005624 2 17 27
-246.24263137 3 17 25 26
-246.95334309 3 19 25 27
-247.74330514 3 25 26 31
-247.92618809 2 17 25
-249.66513579 3 25 27 32
-252.92142626 2 27 31
-253.61453219 3 19 24 25
-253.94930206 2 19 27
-258.56856352 3 19 25 26
-258.93408179 2 27 32
-259.74566121 2 25 31
-261.68497774 3 24 26 30
-262.44392209 2 26 30
-263.42712802 2 26 31
-263.44344848 2 17 26
-265.83716358 3 24 25 32
-266.58549629 3 20 25 27
-267.92578889 3 25 26 32
-268.32918193 2 19 25
-269.79594449 3 24 25 27
-271.54600528 2 19 26
-271.88176425 2 25 27
-278.08792342 3 15 25 32
-278.52124575 2 20 27
-279.85376807 2 26 32
-279.99938965 2 25 32
-284.61878082 3 20 24 25
-284.97627913 3 20 25 26
-292.11123940 3 24 25 26
-296.13650266 2 20 26
-298.62240058 2 20 25
-300.87045420 1 17
-301.34042802 3 16 24 30
-302.56013347 2 24 30
-304.94648701 2 25 26
-306.50848891 2 16 30
-307.59109184 1 31
-308.89498274 1 30
-317.13004408 1 27
-319.27395219 3 15 16 32
-319.77528378 1 19
-322.56899584 2 15 32
-322.78008841 2 24 25
-329.23582407 1 32
-338.21399305 1 25
-341.58729429 2 15 26
-343.81990607 1 26
-347.53228154 1 20
-406.97587668 1 15
-412.35959266 0
30 89
-46.07253393 3 15 17 32
-48.67795336 3 17 24 31
-57.48830248 3 15 31 32
-58.60988530 3 15 24 31
-58.75386793 2 15 32
-59.29811373 3 17 24 32
-59.46569276 3 15 17 24
-60.19485116 2 15 31
-62.71969130 3 15 17 19
-66.76493057 3 17 19 24
-70.63900106 3 17 20 24
-71.80992085 2 15 17
-76.69873348 2 17 24
-88.60692126 3 24 29 31
-88.88574665 2 15 19
-92.52192968 2 24 31
-112.30585259 3 17 23 31
-113.64983930 2 17 31
-119.90137175 3 17 23 32
-120.27669721 2 17 32
-122.70198381 3 17 20 23
-127.48969576 2 23 31
-127.88427618 3 17 19 23
-130.25908585 2 17 23
-130.69187592 1 31
-132.10840910 2 17 19
-135.18966773 1 17
-144.92889563 3 15 20 23
-149.63924415 3 24 29 32
-153.01092455 2 15 20
-164.25259717 3 19 24 29
-165.77164347 3 19 24 32
-165.91170511 2 19 24
-168.37718202 3 23 29 32
-172.04880677 2 24 32
-177.01255199 2 29 32
-177.08652467 3 18 19 23
-177.48645944 3 19 23 29
-178.25360561 2 19 23
-178.91935203 3 20 23 32
-181.04991385 2 19 29
-183.04719700 1 19
-183.44235914 2 23 32
-186.43488161 3 15 16 29
-192.43330794 2 15 29
-193.32236377 2 26 32
-194.26278557 1 32
-196.95726844 3 20 24 29
-199.65602365 3 20 23 29
-203.54244533 2 20 23
-206.54204836 3 16 20 29
-207.08937597 2 20 29
-223.41298331 2 20 24
-223.55448791 3 16 24 29
-226.06447143 3 15 26 28
-229.31977977 1 20
-234.29578327 2 16 29
-237.39226804 2 24 29
-245.32969941 2 29 33
-245.82892864 1 29
-254.54671444 3 15 16 28
-254.74544591 2 15 28
-257.67661404 3 15 26 27
-262.68525641 3 15 26 33
-268.52857423 3 15 16 26
-269.16237580 2 15 26
-270.11409564 2 15 33
-279.80507705 2 15 16
-280.25656732 1 15
-284.87209442 3 16 26 28
-288.57712964 2 26 28
-317.02026714 2 16 28
-317.89244731 3 25 26 27
-318.02891637 3 16 26 27
-319.89026997 1 28
-320.21134126 2 26 27
-328.21996940 3 16 26 33
-328.41662737 2 26 33
-330.01702613 2 25 27
-330.46269595 2 16 26
-331.30532293 2 25 26
-334.21642321 1 26
-337.57654286 2 27 33
-338.61382091 2 16 27
-340.15130408 1 33
-340.72652038 1 27
-344.19620633 1 25
-346.77464505 1 16
-349.29353857 0
31 114
-87.70087206 3 24 30 32
-103.48686890 3 15 24 32
-105.88285363 3 17 24 32
-112.16345930 3 19 24 30
-123.03172083 3 17 19 32
-123.46214755 3 19 24 32
-126.00673590 3 17 20 32
-128.21810902 2 24 30
-129.67396738 3 17 23 32
-132.02581402 2 17 32
-132.81052357 3 17 19 24
-139.45247890 3 20 24 32
-144.54303000 3 19 30 32
-147.04449379 3 15 19 24
-150.42291847 2 24 32
-152.54044059 3 20 30 32
-154.45289896 3 17 20 24
-157.56139319 2 30 32
-158.02480294 3 17 19 30
-159.75316724 3 15 17 24
-159.88191131 3 15 19 32
-162.76981676 3 17 19 23
-163.39207734 2 17 19
-166.62683221 3 19 23 32
-167.50235055 3 15 20 32
-169.05093942 2 17 24
-172.77395986 2 19 24
-173.26603782 3 15 23 32
-175.55925992 2 19 32
-176.16768984 2 15 32
-177.74745736 3 15 17 20
-177.96907121 3 20 23 32
-178.03405891 3 17 20 30
-178.98830230 2 17 30
-184.16593989 2 17 20
-190.89604313 2 20 32
-191.17865761 3 19 23 30
-193.17467706 3 15 17 23
-195.46802063 2 15 17
-195.56758033 2 23 32
-197.88585062 2 17 23
-200.52813074 1 17
-201.57915839 2 19 30
-202.58779203 2 29 32
-206.71180991 1 32
-217.93732361 3 20 23 30
-218.56157761 3 15 20 24
-219.83214566 3 15 20 30
-222.52864494 3 15 23 30
-225.73480116 2 20 30
-225.85331359 2 23 30
-226.20319051 2 19 23
-230.32718378 2 15 30
-237.06221316 2 15 19
-237.43937428 3 20 23 24
-241.70008485 2 19 33
-242.17526268 1 19
-243.50056482 3 20 24 29
-245.61108801 2 20 24
-249.64742350 1 30
-283.98351100 2 20 23
-284.55062421 3 15 24 29
-291.40939533 3 24 29 33
-296.36813430 2 24 29
-298.68931628 2 20 29
-304.01096503 2 15 20
-310.84782874 1 20
-346.09831329 3 24 26 28
-348.37262025 3 23 29 33
-352.66300011 2 29 33
-353.48104861 3 15 24 33
-353.82983042 3 15 24 28
-354.54927360 2 23 29
-356.98995694 3 15 24 26
-359.29733331 2 15 24
-363.48058532 1 29
-368.84866581 3 24 28 33
-372.11031977 2 24 28
-372.65286066 3 24 26 33
-376.96857275 3 24 26 27
-377.56733229 2 24 33
-384.73995405 2 24 26
-389.23998506 2 24 27
-393.38736808 1 24
-402.82445243 3 23 26 28
-409.24596221 3 26 28 33
-410.95461869 2 26 28
-429.41685738 3 23 26 33
-430.83727334 3 23 28 33
-431.27075371 3 15 23 33
-431.57675979 3 26 27 33
-431.62158686 2 28 33
-432.87508994 2 23 28
-433.35176893 2 23 33
-434.26670497 3 23 26 27
-438.91825528 3 15 23 26
-438.99734536 1 28
-439.07980238 2 15 23
-439.28327609 3 15 26 33
-439.46803482 2 26 27
-440.76547057 2 26 33
-441.75782111 2 23 26
-441.88195121 2 15 33
-442.43131107 2 27 33
-445.87705269 3 15 16 26
-446.80882779 2 23 27
-447.13800750 2 15 26
-449.44846559 1 33
-450.03519463 1 23
-450.38889994 1 15
-454.90818954 1 27
-455.66835828 1 26
-467.05703502 1 25
-468.24908614 0
32 84
-64.22145949 3 15 30 31
-66.92800817 2 15 31
-85.72168023 1 31
-102.27514393 3 15 24 30
-103.20810855 3 15 17 30
-117.26811555 3 15 23 30
-119.14234081 3 15 17 19
-119.64651887 2 15 30
-127.37702902 3 15 17 24
-127.91221884 3 15 17 20
-128.94549547 2 15 17
-134.54446365 3 15 19 24
-147.01278489 3 19 24 33
-149.09157897 2 15 19
-149.43369069 3 19 24 30
-149.57375232 2 19 24
-150.59501797 2 17 19
-151.31181267 2 19 33
-151.56613347 2 24 30
-157.24361141 2 19 23
-157.71914696 2 17 30
-157.72229137 1 19
-171.05393073 2 17 20
-172.63211748 1 17
-177.31053193 2 23 30
-181.18075719 2 20 30
-188.03664623 2 30 33
-192.22820346 1 30
-200.80343425 3 15 20 23
-202.72675605 3 20 23 33
-204.60886595 2 20 23
-206.08234676 3 15 20 24
-208.06184597 2 20 24
-208.52710246 2 20 33
-210.69353676 2 15 20
-212.82586920 1 20
-236.85704429 3 15 24 29
-246.13828406 2 29 33
-248.38463365 3 15 16 29
-256.74233742 2 15 29
-263.93217519 2 24 29
-263.94266960 2 16 29
-264.13518787 1 29
-276.86617654 3 26 28 33
-291.29268883 2 26 28
-301.82339871 3 26 27 33
-304.45808837 2 28 33
-308.11444273 3 15 24 28
-311.88194394 3 24 26 33
-311.91864951 3 15 24 33
-314.74217640 2 26 33
-315.17300601 3 24 27 33
-316.27963041 2 24 33
-316.52410266 2 27 33
-319.40415647 3 24 26 27
-319.90744448 3 15 24 26
-320.37725982 3 15 16 33
-320.81079490 3 15 26 27
-320.87011103 2 26 27
-320.88382624 2 24 28
-321.08666074 2 23 33
-321.92574035 1 28
-322.01078033 1 33
-323.20060613 3 15 24 27
-327.43825452 3 15 16 26
-328.28439279 2 15 24
-329.07600738 2 15 26
-330.61776086 2 24 26
-331.50854518 2 24 27
-333.66862020 2 9 26
-335.75488820 2 11 26
-337.16707662 3 15 16 27
-337.20851545 1 24
-337.81777252 1 26
-337.83981684 1 27
-339.74332382 3 15 16 23
-341.14921826 1 15
-343.30606844 1 9
-345.27374813 1 11
-345.53974959 1 23
-346.40345487 1 34
-346.69139282 1 16
-347.22646628 1 8
-347.25895646 0
33 83
-59.67463071 3 14 32 34
-63.97512711 2 32 34
-66.57258846 2 14 34
-68.23255241 3 8 14 32
-68.85182040 3 11 14 32
-70.31230821 2 20 34
-71.02674649 2 19 34
-72.94329689 3 9 14 32
-73.13812103 2 31 34
-73.93368779 3 9 16 34
-73.99877405 2 9 34
-74.22757766 2 8 14
-75.35046149 3 16 23 34
-76.00260032 3 9 10 14
-76.33672513 2 16 34
-76.97810781 1 34
-77.05316423 2 9 14
-77.73706275 3 9 10 32
-78.09078056 3 11 14 19
-78.97960542 2 8 32
-79.06088514 3 11 14 20
-80.74122197 3 11 14 31
-80.99831932 3 9 20 32
-81.48989967 3 11 14 17
-81.52756466 3 9 10 19
-81.87837971 2 11 14
-81.91851351 2 11 19
-82.00620011 2 9 32
-82.53362516 3 9 10 20
-82.67515552 2 11 20
-83.28404120 2 9 10
-83.89307197 2 11 32
-84.22430959 3 8 18 19
-84.23268752 2 9 20
-84.31668800 3 8 18 20
-84.31987613 3 8 11 31
-84.40049118 2 8 19
-84.52247781 3 8 20 23
-84.74484316 2 8 20
-85.08238740 3 8 11 17
-85.40506272 3 8 16 23
-86.29268112 2 8 31
-86.37195724 2 9 19
-86.40335710 2 8 18
-86.78806858 3 8 16 17
-86.92812655 2 8 17
-87.16517727 1 8
-87.35048031 2 11 31
-88.92887051 2 9 31
-89.41834817 2 9 11
-89.68317898 2 9 36
-89.74151355 3 14 32 35
-90.13691564 1 9
-91.44125111 2 11 17
-91.87290027 2 11 30
-93.08062580 1 11
-93.51388390 2 14 32
-100.91542746 2 14 20
-101.20225192 3 32 35 36
-102.85287544 2 14 35
-103.55866975 2 14 31
-103.74271743 3 5 32 35
-104.61146964 2 32 35
-105.41060867 2 14 19
-108.30975329 2 14 17
-113.70597596 2 20 35
-114.10625650 2 35 36
-114.65647048 2 31 35
-115.19608911 2 19 35
-116.76926690 2 6 35
-117.47337616 2 14 30
-119.49925322 1 35
-121.17590453 1 14
-122.30200787 1 32
-128.66473892 1 20
-128.74956344 1 31
-131.31635146 1 19
-136.86308575 1 17
-138.40794951 1 30
-144.52151397 1 36
-145.33254776 3 16 18 23
-146.68509151 2 16 23
-147.55018399 0
34 46
-45.20953495 3 8 11 35
-45.80945267 3 8 10 11
-55.10776244 3 8 9 10
-55.14404117 3 8 9 11
-57.30604551 3 8 9 35
-60.00134225 2 8 11
-60.54849390 3 9 10 11
-61.29197704 3 10 11 35
-62.93549392 3 8 9 33
-63.89936384 3 7 8 9
-64.62714055 3 7 8 35
-65.36052246 2 8 9
-65.51140464 2 8 35
-67.57030871 3 10 11 33
-68.72921056 3 11 33 35
-69.92925803 3 9 11 35
-71.47878992 3 9 11 33
-71.72707528 2 10 11
-72.53868849 3 7 8 33
-73.55044645 3 6 11 35
-74.01558884 2 7 8
-74.09637825 2 11 35
-75.23895623 3 9 33 35
-77.84237582 3 6 9 35
-80.78141416 3 8 23 33
-81.88659874 2 8 33
-81.93164314 1 8
-82.50925747 3 9 10 35
-82.60088171 2 9 11
-84.46968772 3 0 11 33
-85.84739720 2 11 33
-86.08657106 2 9 35
-88.08312387 2 9 33
-91.43083237 1 11
-91.55227370 2 9 10
-99.85848582 3 6 33 35
-104.22126545 1 9
-117.30027606 2 33 35
-127.54434397 2 6 35
-152.35663363 2 5 35
-154.45444314 1 35
-199.93941869 2 16 33
-200.71286787 1 33
-270.42944246 1 32
-270.74825997 1 20
-271.28494405 0
35 91
-164.61191685 2 6 34
-215.97555231 2 6 8
-219.28840652 2 6 11
-226.74012377 3 6 9 33
-227.89146894 2 6 9
-280.05680504 2 6 33
-304.51668046 3 3 5 34
-315.21415822 3 4 5 34
-316.17130927 1 6
-317.86078816 3 2 5 34
-319.13529094 3 14 34 36
-323.99499906 3 5 34 36
-325.47700344 3 3 34 36
-325.92294546 3 0 3 34
-329.62304619 2 4 34
-329.88090282 2 5 34
-331.28285281 2 3 34
-332.83818150 2 34 36
-333.05227558 2 2 34
-339.69712654 2 1 34
-347.55714889 2 0 34
-347.96418173 3 3 5 8
-354.07533819 3 3 5 11
-355.78395077 1 34
-356.24925237 3 3 5 9
-361.92663708 3 4 5 8
-364.35877933 3 2 5 8
-365.12567281 2 5 8
-366.18921036 3 4 5 11
-367.37888448 3 11 14 36
-367.68601608 2 5 11
-368.29112394 3 4 5 9
-368.82358075 3 9 14 36
-369.08474818 2 5 9
-371.02029840 3 0 3 8
-372.32809881 2 3 8
-372.62819826 2 3 11
-373.52720636 3 14 33 36
-373.59878964 2 4 8
-374.40928039 2 11 36
-375.16225206 3 8 14 36
-375.57632264 2 3 9
-376.87960617 2 2 8
-378.29636089 2 8 36
-378.30098332 2 9 36
-380.88223372 2 4 11
-381.32796192 2 1 8
-381.74026744 2 4 9
-383.48640569 2 2 11
-384.60408955 2 0 8
-385.19716063 2 2 9
-386.60605268 2 1 9
-388.33138507 2 0 9
-388.52272274 2 0 11
-388.97279846 2 1 11
-389.05407295 3 5 14 36
-389.18013376 1 11
-389.50055769 2 14 36
-390.26157647 1 8
-390.92430458 1 9
-399.32758368 3 3 5 33
-399.92719524 3 5 33 36
-400.78284199 3 3 33 36
-405.13207777 2 33 36
-412.81382026 3 2 5 33
-413.46132697 3 4 5 33
-416.39120549 3 3 5 36
-421.29925989 3 0 3 33
-421.70662320 2 3 33
-422.10582215 2 3 36
-423.01138716 2 5 33
-423.35808181 2 4 33
-423.39158684 2 3 5
-427.27343736 2 2 33
-427.53663846 2 5 36
-432.98980047 2 1 33
-433.74040692 2 2 5
-434.01092905 2 4 5
-435.14401927 2 4 36
-435.54733524 1 36
-440.75927937 2 0 3
-441.10091495 2 0 33
-443.81241498 1 4
-444.30882228 2 1 5
-444.56352092 1 33
-446.44078290 1 3
-447.50801302 1 2
-451.10054817 1 5
-451.97531848 1 1
-465.57320132 1 0
-472.61445169 0
36 14
-292.78168054 2 14 35
-334.40505464 2 6 14
-382.34621842 2 3 14
-384.68736563 1 14
-492.80109674 2 33 35
-498.19409347 1 35
-511.35839979 1 6
-530.99359155 2 13 33
-532.01624946 2 5 13
-532.23253989 1 33
-532.39354012 1 5
-532.68918051 1 13
-534.84016556 1 3
-535.26120992 0

1
4 1