37
0 17
-1811.314331 2 3 35
-1317.964722 2 2 35
-2216.952637 0
-1672.427734 1 6
-789.428223 1 5
-1283.861328 1 4
-1568.865112 2 3 6
-1507.064453 1 2
-1060.199097 2 4 6
-1169.960815 2 2 6
-1518.408203 1 1
-1195.628784 2 1 6
-1482.488159 2 1 2
-1834.656250 1 35
-2150.317383 1 36
-1333.591675 2 1 35
-1179.380737 2 4 35
1 20
-5972.014648 2 3 35
-6981.750977 1 6
-3163.833008 1 4
-7646.807617 0
-6668.767090 1 5
-5828.045898 2 3 6
-4086.797852 1 2
-6150.478027 1 3
-4011.768311 2 2 5
-6504.952148 2 0 6
-6323.663086 2 5 6
-5213.555664 2 3 5
-4082.854248 2 2 3
-7193.276367 1 35
-6948.267090 1 0
-5496.958008 2 0 3
-7592.488281 1 36
-4062.221436 2 0 2
-6477.220703 2 5 35
-6692.201172 2 0 35
2 23
-5739.366211 2 3 35
-4956.321289 2 3 5
-7546.610352 1 6
-8422.174805 0
-7421.853027 1 5
-2318.594727 1 4
-5601.069336 2 3 6
-5917.884277 1 3
-7044.147461 2 0 6
-6856.069336 2 5 6
-7712.290527 1 0
-4764.850586 2 1 5
-4666.449219 2 1 6
-5253.793945 2 0 3
-4862.165039 1 1
-7706.000000 2 0 36
-4826.237305 2 0 1
-7829.909180 1 35
-3850.260498 2 1 3
-8320.417969 1 36
-7091.142578 2 5 35
-4770.095703 2 1 35
-7313.216797 2 0 35
3 19
-2340.003662 2 2 35
-4162.830078 1 6
-4984.382324 0
-4430.014160 2 34 35
-2123.564453 1 4
-1926.081909 2 4 6
-2217.281006 2 2 6
-3488.048828 1 1
-4059.267578 2 0 6
-4006.900391 2 5 6
-2480.087891 1 2
-3009.120850 2 1 6
-2476.152100 2 1 2
-4430.546875 1 35
-4376.739258 2 5 35
-4872.051758 1 36
-3209.294678 2 1 35
-2024.904175 2 4 35
-4407.204102 2 0 35
4 31
-1841.741943 2 2 35
-7950.854492 0
-6840.625977 1 6
-6644.235840 1 5
-1847.282227 1 2
-1647.284058 2 2 5
-4603.889648 2 3 6
-1773.730225 2 2 6
-3467.883789 1 1
-3180.265381 2 1 6
-6228.405273 2 0 6
-5090.048340 1 3
-5995.124023 2 5 6
-3823.493408 2 3 5
-3245.740967 2 1 5
-2206.961426 3 1 3 5
-1085.460693 2 1 2
-7017.774902 1 0
-7001.828125 2 0 36
-1600.182495 2 2 3
-2211.760498 2 1 3
-7193.354492 1 35
-4202.450195 2 0 3
-7824.800781 1 36
-1728.534058 2 0 2
-4787.709961 2 3 35
-6257.845703 2 5 35
-3337.940186 2 0 1
-3324.017334 2 1 35
-7816.026855 2 14 36
-6538.076172 2 0 35
5 25
-1435.767456 2 3 35
-1915.920288 2 14 36
-750.808472 2 2 35
-340.646393 2 0 4
-1246.919922 1 6
-2060.147949 0
-1090.990112 2 3 6
-1059.822266 1 2
-753.517517 1 4
-401.410034 2 4 6
-556.374878 2 2 6
-444.587799 2 0 6
-632.623535 1 0
-588.831909 2 1 6
-1082.103516 1 1
-435.310455 2 0 1
-424.349518 2 0 2
-1489.578125 1 35
-1934.192383 1 36
-984.792847 2 1 2
-1059.470581 2 2 36
-773.529175 2 1 35
-554.068237 2 4 35
-1066.171753 2 1 36
-525.922729 2 0 35
6 41
-5375.940918 2 14 36
-3206.451904 2 3 35
-5189.785156 2 3 36
-3130.303467 2 9 35
-5136.627930 2 0 4
-5360.286133 1 4
-6470.518555 0
-4866.873535 3 0 3 36
-5657.290527 1 5
-5805.461914 1 1
-2829.853760 2 34 35
-5648.970215 1 3
-5594.954102 1 2
-4673.165039 2 3 5
-5091.510742 2 2 5
-5925.993652 1 0
-5312.186523 2 1 5
-5008.178711 2 4 5
-5162.799805 2 3 4
-4993.715820 2 0 3
-5482.674805 2 0 1
-3302.538330 2 33 35
-4609.685059 3 3 5 36
-5418.546875 2 0 36
-3022.065186 2 8 35
-3364.670898 1 35
-5326.526367 2 1 3
-5332.143555 2 2 3
-4968.285156 2 4 36
-5178.156250 2 2 36
-5789.308594 1 36
-5257.854492 2 0 2
-3228.072021 2 5 35
-3186.690430 3 3 5 35
-3088.151123 2 11 35
-3242.468506 2 2 35
-3313.907959 2 1 35
-5208.978516 2 5 36
-3174.236084 2 4 35
-3309.122803 2 0 35
-5338.542969 2 1 36
7 4
-627.188354 2 8 34
-778.557556 1 8
-1969.085449 0
-770.525269 2 8 11
8 56
-6267.456543 2 14 36
-3637.058350 2 7 35
-3533.350830 2 9 35
-5493.519043 2 7 31
-6750.715820 1 27
-6729.173340 1 26
-6600.090820 1 20
-5560.798340 1 7
-6677.289062 1 29
-6653.976562 1 30
-2456.028076 2 7 9
-2509.114990 2 7 11
-6751.323242 0
-3724.385742 1 11
-3456.225342 2 9 11
-6592.465820 1 19
-5483.553711 2 7 19
-5345.450195 2 7 14
-6629.300781 1 17
-5250.445801 2 33 36
-5489.885742 2 7 20
-6227.658203 2 14 20
-6213.708984 2 14 19
-3659.209961 1 9
-4827.891602 2 14 35
-5551.449707 2 7 17
-6499.591797 2 31 36
-6333.582520 2 14 17
-6453.553711 1 14
-4334.788574 2 33 35
-3582.990479 2 11 33
-3597.235107 2 9 10
-2767.507812 1 34
-3575.311523 3 6 7 35
-6209.071777 2 14 31
-6518.323730 1 32
-6086.300781 2 14 32
-6574.769043 1 31
-6397.530273 2 32 36
-5331.544922 1 33
-6493.739258 2 20 36
-6373.873535 2 14 30
-6742.242188 1 28
-6539.105469 1 36
-3323.333008 3 7 33 35
-4827.909180 1 35
-4144.045898 2 7 33
-3553.479248 2 11 35
-5427.646484 2 7 36
-3600.431396 2 10 11
-5411.743164 2 7 32
-3549.630615 2 9 33
-5276.354980 3 7 14 32
-1409.174683 2 7 34
-6488.682617 2 19 36
-4485.304688 2 6 35
9 52
-5195.130371 3 10 14 32
-7177.979980 2 14 36
-7604.622070 1 27
-7597.063965 1 26
-4517.111328 1 8
-7532.953125 1 29
-7509.828125 1 30
-7457.079102 1 19
-2245.125732 2 8 10
-7609.229492 0
-7463.036133 1 20
-2220.739990 2 8 11
-7596.398438 1 28
-7487.433594 1 17
-7130.775391 2 14 20
-5359.264648 2 10 20
-5414.704590 1 10
-6239.602051 2 33 36
-7121.458984 2 14 19
-5409.848145 2 10 17
-7388.052734 2 31 36
-7232.129395 2 14 17
-5352.709961 2 10 19
-7336.045898 1 14
-2437.959717 2 11 33
-2488.901367 1 11
-5340.983887 2 33 35
-7379.241699 1 32
-7004.871094 2 14 32
-7433.644043 1 31
-5750.831055 1 35
-7120.614746 2 14 31
-6311.013672 1 33
-7384.208008 2 20 36
-7254.279785 2 14 30
-3951.796875 1 34
-7421.519531 1 36
-3302.904785 3 10 33 35
-7380.323242 2 19 36
-2401.072998 2 11 35
-5516.460938 2 6 35
-5272.942383 2 10 32
-5222.471680 2 10 14
-2161.603271 2 10 11
-1540.856323 2 10 34
-5353.471191 2 10 31
-5307.216797 2 10 36
-4456.268555 2 8 35
-7292.303711 2 32 36
-3547.241943 2 10 35
-1982.012451 2 11 34
-4102.510742 2 10 33
10 11
-779.401245 2 9 11
-869.559448 2 9 34
-3263.655762 0
-982.744019 2 8 11
-1106.699219 1 11
-1067.025269 2 11 33
-1069.132812 1 9
-1007.155151 2 8 9
-1093.662964 2 11 35
-1062.571655 2 9 33
-850.336792 2 11 34
11 53
-5268.950684 3 10 14 32
-7221.190918 2 14 36
-2501.623779 2 9 35
-5363.887695 2 10 32
-7642.606445 1 27
-5291.127930 2 10 14
-7503.536133 1 20
-7579.023438 1 29
-7560.750000 1 30
-2074.008545 2 9 34
-7504.782227 1 19
-2321.141357 2 8 10
-7636.351562 1 28
-7644.479492 0
-4609.508789 2 7 8
-7173.365234 2 14 19
-7543.230469 1 17
-3415.800781 3 10 33 35
-4617.541016 1 8
-6310.500488 2 33 36
-7446.013672 2 31 36
-7293.051270 2 14 17
-5430.561523 2 10 19
-7371.866211 1 14
-5458.562012 2 33 35
-2524.147461 1 9
-7631.712402 1 26
-3653.625977 3 6 10 35
-5429.452148 2 10 20
-7437.577637 1 32
-7069.144531 2 14 32
-7489.542480 1 31
-4576.948242 2 8 35
-7353.850586 2 32 36
-5851.377930 1 35
-7182.259277 2 14 31
-6372.255859 1 33
-5574.859375 2 6 35
-2321.166748 2 8 9
-5487.524902 1 10
-7421.043945 2 20 36
-7310.318848 2 14 30
-4043.796875 1 34
-7455.230469 1 36
-7425.909180 2 19 36
-1613.621948 2 10 34
-7171.603516 2 14 20
-2234.422607 2 9 10
-2499.201416 2 9 33
-5441.330566 2 10 31
-5366.216797 2 10 36
-3667.476318 2 10 35
-4168.213867 2 10 33
12 1
-3217.202637 0
13 3
-565.601074 0
-476.890594 1 14
-506.848602 1 36
14 43
-10773.631836 2 19 35
-7550.880859 2 8 36
-10083.135742 2 17 33
-6525.569336 2 35 36
-10629.468750 2 9 20
-7074.913574 3 6 33 36
-10931.385742 0
-10589.291016 2 8 20
-10582.290039 2 8 19
-10658.768555 1 11
-10633.611328 1 8
-7196.906738 2 33 36
-10625.433594 2 9 19
-10740.847656 2 32 35
-9950.170898 2 32 33
-10629.640625 2 11 19
-10658.194336 1 9
-10526.454102 2 31 34
-10110.535156 2 30 33
-10513.947266 2 20 34
-10842.673828 1 13
-9976.595703 2 19 33
-10105.258789 2 13 33
-10778.653320 2 20 35
-10503.383789 2 19 34
-10629.787109 2 11 20
-9990.037109 2 20 33
-10781.346680 1 35
-10609.329102 2 8 31
-10127.576172 1 33
-7813.753906 2 4 36
-10602.585938 1 34
-7822.527344 1 36
-7409.161133 2 6 36
-7578.995117 2 9 36
-9995.550781 2 31 33
-10453.556641 2 32 34
-10530.166016 2 8 32
-10593.758789 2 11 32
-7442.434570 2 34 36
-7804.251953 2 5 36
-7588.490234 2 11 36
-10587.824219 2 9 32
15 42
-3354.999756 2 20 30
-4588.593750 2 24 29
-4789.797363 2 23 32
-4218.063965 2 23 31
-3719.391357 2 23 30
-4103.067383 2 17 24
-5521.659180 1 28
-3449.819336 2 24 30
-4944.520020 2 23 29
-5007.996094 1 24
-5532.488281 1 27
-5431.847656 1 20
-5323.261719 2 20 23
-5309.933594 2 19 23
-4785.523926 2 17 23
-5115.877930 1 29
-5493.450195 1 25
-5333.434570 1 23
-2012.276001 2 30 32
-5416.082031 1 19
-3826.159180 1 30
-5561.475586 0
-4938.768066 2 17 19
-3631.345703 2 17 30
-4960.233398 1 17
-5553.754883 1 26
-3816.936035 2 31 32
-3093.554199 2 30 31
-3956.210205 2 17 32
-3769.562988 2 29 30
-4319.169434 2 17 31
-4530.350586 2 29 32
-5096.166504 1 32
-3159.024902 2 19 30
-4259.240234 2 24 32
-4813.582520 2 19 32
-3729.542725 2 24 31
-4341.951660 1 31
-5067.550293 2 28 32
-5546.813965 1 33
-4944.524902 2 20 32
-3698.120117 3 17 24 32
16 8
-1597.429199 1 25
-1753.927734 1 20
-1714.849121 1 30
-1744.021484 1 19
-1777.515137 0
-1730.618652 1 17
-1758.973145 1 32
-1743.282227 1 31
17 90
-4179.093262 2 20 30
-7838.741211 2 25 33
-4856.117188 2 24 29
-5505.402832 2 23 29
-5467.358887 2 20 27
-3771.710205 3 15 24 32
-4332.833984 2 24 32
-4813.875488 2 23 32
-6450.351074 2 24 28
-7022.484863 2 23 28
-5413.574219 2 20 28
-6967.070312 2 15 28
-7496.990234 2 27 33
-3101.198975 2 24 31
-3182.704834 2 23 31
-7522.046875 2 15 33
-7901.840820 1 26
-3790.031982 2 23 30
-5589.717773 2 25 29
-3846.116943 2 15 32
-4812.041992 2 20 29
-4605.217773 2 19 29
-7480.169922 2 25 27
-2323.788086 2 24 30
-7681.683594 1 27
-7047.214844 2 24 26
-4633.869629 3 15 20 24
-4140.637695 3 15 19 24
-4275.921387 2 19 24
-4426.456055 1 30
-7441.417969 2 23 27
-7075.326660 2 25 28
-6682.532227 3 24 26 27
-5493.152344 1 20
-7820.118652 2 23 25
-7342.052734 2 24 25
-8226.891602 1 8
-7405.542969 1 24
-5163.183594 2 20 23
-7628.588867 2 23 26
-4817.707031 2 19 23
-7451.039551 2 15 23
-7994.997070 2 9 23
-8030.903320 1 25
-7998.950195 1 23
-4710.690918 2 20 24
-3567.596436 2 30 32
-4682.707520 2 19 32
-6865.710449 2 24 27
-7336.669434 2 15 27
-5062.683594 1 19
-8348.913086 0
-7990.430664 2 8 23
-7235.799805 1 28
-8247.666016 1 11
-6500.617676 2 15 24
-5057.809082 2 15 20
-4585.372559 2 15 19
-8302.020508 1 16
-8227.115234 1 9
-7747.674805 1 15
-7148.361328 2 24 33
-7136.291992 2 28 33
-5489.722656 2 20 26
-7705.296875 2 23 33
-7726.235840 2 15 25
-2975.905762 2 30 31
-6240.573242 3 24 26 28
-7970.743164 2 23 34
-4392.631836 2 29 32
-5732.862305 1 29
-4102.477051 2 29 30
-7454.035645 2 15 26
-4101.278809 2 19 30
-3265.014160 1 31
-8302.205078 1 35
-3242.220703 2 15 31
-4966.128418 2 28 32
-4986.080566 1 32
-7982.376465 1 33
-4231.650879 2 15 30
-8204.850586 1 34
-7680.547363 2 26 33
-4806.239746 2 20 32
-7714.194824 2 25 26
-5711.690918 2 15 29
-7937.935059 2 14 33
-7091.214844 2 26 27
-6510.883301 2 26 28
-7617.274414 3 23 26 33
18 3
-1883.263672 1 20
-1816.232422 1 19
-1983.913574 0
19 77
-4947.053223 2 26 33
-5166.991211 2 25 33
-3503.668457 2 18 29
-4813.586914 2 27 33
-2379.891113 2 23 30
-1052.989258 2 20 30
-5131.950195 2 18 26
-2022.824219 2 24 30
-1229.687622 2 20 29
-5001.940430 2 25 27
-5389.760254 2 18 25
-5079.887695 1 27
-4632.797363 2 18 28
-4680.965820 2 25 28
-5197.520020 2 15 26
-1262.926758 1 20
-5208.952637 2 8 26
-5445.666016 1 8
-4998.780273 2 18 27
-5551.004883 1 24
-1112.241089 2 20 23
-5449.236328 1 25
-5591.884277 1 23
-1632.226318 2 30 32
-2542.437744 1 30
-5054.131348 2 15 27
-5419.607910 2 9 14
-5371.118164 2 9 18
-3589.992432 1 29
-1007.613098 2 18 31
-5604.526367 0
-5436.845215 1 18
-4695.054688 1 28
-2217.254395 2 17 30
-5464.823242 1 11
-2318.293213 1 17
-1031.307129 2 17 20
-5384.347656 2 11 18
-5394.352051 2 8 14
-5242.009277 1 26
-2213.762207 2 17 18
-5366.520508 2 8 18
-4059.617676 2 26 28
-5452.366211 1 9
-5459.132812 1 15
-5529.585938 2 14 35
-5403.516113 2 15 18
-4502.159180 2 28 33
-5571.032715 1 16
-2296.832275 2 15 17
-5222.220703 2 11 26
-2439.051270 2 18 30
-5073.812500 2 18 33
-2379.643555 2 29 30
-1951.714355 1 32
-5435.689453 2 11 14
-1648.355225 2 17 32
-1923.894775 2 29 32
-1669.137329 2 15 32
-5340.970703 2 18 34
-4569.084961 2 26 27
-1134.175415 1 31
-5537.291992 1 35
-3548.076172 2 29 33
-5217.374512 2 25 26
-1815.922974 2 18 32
-1875.309692 2 15 30
-895.404114 2 20 32
-729.989014 2 20 31
-5181.544922 1 33
-5030.562988 2 14 33
-5172.882812 2 15 33
-5420.039062 1 34
-5188.905273 2 26 34
-5209.036133 2 9 26
-5320.829102 2 14 34
-5063.734375 2 27 34
20 79
-5260.115723 2 26 33
-2583.917236 2 23 32
-5023.117676 2 23 28
-5691.634766 2 18 34
-5159.477539 2 27 33
-2009.126465 2 23 31
-2838.430176 2 23 30
-5516.309570 2 18 26
-2803.550781 2 24 30
-4015.645020 2 23 29
-5402.971680 2 25 27
-2599.856201 2 15 32
-5355.827148 2 23 27
-5556.462402 1 26
-5533.090332 2 15 26
-5706.310059 2 23 25
-5530.452637 2 8 26
-5729.470703 1 8
-5458.278320 2 23 26
-5413.499023 2 18 27
-5816.528320 1 24
-1256.260620 2 19 23
-5682.590820 2 18 23
-2900.133301 2 17 23
-4113.718750 1 29
-5725.727051 2 15 23
-5677.172363 2 9 23
-5757.455078 1 25
-5735.899902 1 23
-2566.562256 2 30 32
-5642.105469 2 23 34
-3237.031494 1 30
-5419.080566 2 15 27
-5705.779785 2 9 14
-5684.774414 2 11 23
-1539.106445 1 19
-5723.907227 2 9 18
-2100.581787 2 18 31
-5880.706055 0
-5673.582031 2 8 23
-5780.056152 1 18
-5080.460938 1 28
-2989.652832 2 17 30
-5739.760742 1 11
-5426.231445 1 27
-5729.894531 2 11 18
-5685.156738 2 8 14
-5734.506836 1 9
-5857.118652 1 16
-5719.989258 2 8 18
-4541.680176 2 26 28
-3024.941650 1 17
-5751.078125 1 15
-5810.687500 2 14 35
-3004.582520 2 17 18
-4885.260742 2 28 33
-5360.169922 2 23 33
-3142.034180 2 29 30
-5535.869141 2 11 26
-3216.879395 2 18 30
-5418.304688 2 18 33
-2751.503418 1 32
-2571.667725 2 17 32
-4990.819336 2 26 27
-2132.800537 1 31
-4108.762207 2 18 29
-5457.583984 1 33
-5556.397949 2 25 26
-2765.872070 2 15 30
-5701.085938 1 34
-2698.133789 2 18 32
-4064.435547 2 29 33
-5813.370117 1 35
-5320.039551 2 14 33
-5710.783203 2 11 14
-5507.030273 2 26 34
-5529.778320 2 9 26
-5612.454102 2 14 34
-5413.750000 2 27 34
21 3
-4090.376709 1 23
-3933.415771 1 22
-4090.417236 0
22 4
-345.658112 2 21 23
-422.061005 1 23
-394.677704 1 21
-551.679199 0
23 35
-3150.169922 2 22 32
-2754.214600 2 22 31
-2928.400146 2 20 30
-3256.698975 2 25 29
-2915.931396 2 15 32
-3074.437744 2 15 22
-3331.874512 1 25
-3361.529297 1 21
-2862.590576 2 30 32
-3326.997559 1 30
-2082.197266 2 22 24
-3348.927734 1 19
-3158.947266 2 20 22
-2951.293213 2 17 22
-2187.833984 1 24
-3231.951660 1 22
-3216.763672 1 20
-3361.569824 0
-3066.077881 2 19 20
-2886.796387 2 17 20
-3108.186523 2 15 20
-3011.603027 1 17
-3133.528809 1 15
-2836.897217 2 15 17
-2654.933838 2 30 31
-3203.255127 2 29 30
-2746.549072 2 17 31
-2690.569092 2 17 30
-2828.860352 1 31
-2704.959717 2 15 31
-3222.293457 1 32
-3164.448730 2 19 30
-3054.712646 2 20 32
-3325.178955 2 25 26
-2705.189209 2 20 31
24 31
-2895.361084 2 25 32
-2121.417236 2 23 32
-1341.657715 2 23 31
-2707.087402 2 25 29
-2783.028320 2 20 30
-2211.738770 2 15 32
-1706.633301 2 17 23
-1978.297363 2 15 23
-3081.611572 1 25
-2158.032959 1 23
-2041.109131 2 30 32
-3331.768799 0
-3278.247070 1 19
-3267.590820 1 20
-2080.450684 2 23 25
-1531.230591 2 15 17
-2388.394775 1 17
-2778.289307 1 15
-1012.259705 2 30 31
-3216.508057 1 30
-2754.894775 2 15 25
-2674.604492 2 29 30
-1674.843628 2 17 31
-3048.659668 1 32
-2696.889160 2 19 30
-1113.832520 2 17 30
-1838.659790 1 31
-3161.406006 2 28 30
-1226.238647 2 15 31
-2963.366699 2 25 26
-3176.383301 2 26 30
25 57
-9168.454102 2 24 29
-10878.304688 2 20 27
-10956.037109 2 24 32
-10808.230469 2 19 26
-10823.621094 2 19 27
-10790.896484 2 26 32
-10700.042969 2 17 27
-11048.996094 2 16 32
-10860.617188 2 24 30
-10445.396484 2 17 28
-9705.438477 2 23 29
-10343.855469 2 24 28
-10901.566406 1 27
-10824.894531 2 16 27
-10591.778320 2 19 28
-10447.480469 2 24 26
-10985.250000 2 19 24
-10832.872070 1 26
-10884.378906 2 16 24
-10788.604492 2 23 26
-9835.768555 1 29
-9692.613281 2 17 29
-11218.215820 1 23
-10259.825195 2 26 28
-10645.227539 2 17 26
-10997.753906 1 24
-11124.660156 1 20
-10605.862305 1 28
-11247.913086 0
-11092.625000 1 19
-9745.286133 2 16 29
-10929.897461 1 17
-11067.825195 1 16
-11043.664062 2 16 19
-10832.800781 2 20 26
-10877.375977 2 16 17
-11179.885742 1 15
-10900.682617 1 30
-10585.953125 2 27 31
-9777.166992 2 29 30
-10821.363281 2 27 32
-10726.632812 2 24 27
-10552.573242 2 26 31
-10708.991211 2 16 26
-10602.345703 2 27 30
-10243.663086 3 24 26 28
-10888.583008 2 16 30
-11109.349609 1 32
-9588.943359 2 29 31
-10558.398438 2 26 27
-10839.577148 1 31
-10553.821289 2 16 28
-10370.199219 2 28 30
-10789.629883 2 16 31
-10570.994141 2 28 32
-10324.034180 2 28 31
-10720.344727 2 26 30
26 39
-2897.503662 2 20 27
-2647.600342 2 25 32
-2803.943604 2 20 28
-2822.116943 2 19 27
-2586.968994 2 25 31
-2902.727539 2 24 30
-2617.806885 2 17 28
-2700.043213 2 20 25
-2584.396729 2 17 25
-2707.290771 2 19 28
-1403.679321 2 27 29
-2782.859375 2 24 25
-1571.020996 1 29
-2901.108887 1 25
-3316.147949 0
-2991.904297 1 20
-2953.630859 1 19
-3303.378906 1 11
-2669.250977 2 19 25
-2869.071777 1 17
-3303.976562 1 9
-3308.427246 1 15
-2755.548584 2 28 32
-3293.995117 1 8
-2762.510010 2 25 30
-2841.534424 2 27 32
-2742.442627 2 17 27
-932.349670 2 28 29
-2966.043457 1 32
-2873.961914 1 31
-3308.609375 1 35
-2809.712891 2 28 30
-3259.721680 1 33
-2645.123291 2 28 31
-3290.196289 1 34
-2942.849121 1 30
-2758.099365 2 27 31
-2894.411377 2 23 25
-2877.814209 2 27 30
27 29
-3127.009521 2 25 32
-3250.897217 2 19 26
-3290.477539 2 26 32
-3019.146484 2 25 31
-3206.218018 2 20 25
-3009.972656 2 17 25
-3560.705322 1 25
-3358.178467 2 20 26
-3382.411133 1 19
-3113.195801 2 17 26
-1961.601685 1 29
-3452.575195 1 20
-3907.050049 0
-850.398621 1 28
-3905.174805 1 11
-3239.816650 1 17
-3902.444336 1 9
-3878.062744 1 15
-3906.439453 1 8
-3273.093994 1 30
-2974.757812 2 25 30
-3156.901123 2 26 31
-1794.254395 2 26 29
-3414.979980 1 32
-3113.417969 2 19 25
-3272.761475 1 31
-3858.631104 1 33
-3208.055176 2 26 30
-3898.414062 1 34
28 39
-2910.402100 2 20 27
-4710.089355 2 25 32
-4961.363281 2 19 26
-5219.827637 2 15 32
-2873.991943 2 19 27
-5050.069336 2 24 30
-5037.951172 2 26 32
-1913.598999 2 27 29
-4512.394043 2 25 31
-3031.763916 2 25 27
-4827.728516 2 20 25
-3060.527344 1 27
-4519.563965 2 17 25
-2883.542236 2 17 27
-5475.137695 1 25
-5128.972656 2 20 26
-5207.707031 1 19
-4752.797363 2 17 26
-2757.026367 1 29
-5316.933594 1 20
-6117.178711 0
-6109.056641 1 11
-5004.061523 1 17
-6104.349609 1 9
-6077.362305 1 15
-6108.102539 1 8
-5105.166992 1 30
-4574.692871 2 25 30
-2883.468018 2 27 32
-4799.088379 2 26 31
-2953.109131 2 27 30
-2118.348389 2 26 29
-5248.447754 1 32
-2865.402100 2 27 31
-4706.873535 2 19 25
-5027.936035 1 31
-6028.251465 1 33
-4972.031738 2 26 30
-6090.686523 1 34
29 78
-5899.477051 2 26 33
-4994.685547 2 25 27
-4681.706543 2 20 27
-3680.039307 2 20 28
-4478.488281 2 19 26
-5736.224609 2 27 33
-4506.409668 2 19 27
-4818.077148 2 24 30
-7207.851562 2 15 33
-4574.099609 2 26 32
-5236.234863 2 23 30
-5264.991699 2 20 30
-3224.020996 2 17 28
-3967.284668 2 25 31
-5794.480469 1 27
-3541.788818 2 19 28
-5268.343262 2 15 32
-3734.079346 3 20 26 27
-3637.021484 3 19 26 27
-5994.801758 1 26
-5736.121582 2 15 26
-4113.495117 2 17 27
-1969.399170 2 26 28
-4307.233887 3 19 25 26
-6327.786133 1 25
-4685.675781 2 20 26
-5725.394531 1 19
-4006.516357 2 17 26
-6252.610840 2 23 25
-5972.941406 1 20
-7739.928711 0
-6076.079590 2 15 25
-4775.189453 2 20 25
-4379.768555 1 28
-5035.994141 2 17 30
-4542.607910 2 19 25
-7674.470703 1 11
-5123.874023 1 17
-5716.801270 2 15 20
-3571.343750 3 26 27 30
-4327.511719 2 15 28
-3689.712402 3 26 27 32
-7663.646484 1 9
-7294.331055 1 15
-5463.239746 2 15 19
-7665.891602 1 8
-5110.085449 2 30 31
-5953.255859 2 24 25
-3886.595215 2 17 25
-4236.456543 2 25 30
-3501.309814 3 17 26 27
-3963.205566 2 25 28
-4581.940430 2 27 32
-4096.034180 2 26 31
-4316.640137 2 27 30
-5834.166504 1 32
-5197.184570 2 19 30
-5303.385254 2 15 30
-6252.811523 2 25 33
-4170.878418 2 27 31
-3865.238037 2 26 27
-5217.904785 1 31
-7724.548828 1 35
-3363.770752 2 28 30
-3606.296631 2 28 32
-5125.010742 2 30 32
-3298.227539 2 28 31
-7499.743652 1 33
-4169.336426 2 26 30
-5178.327637 2 25 26
-5359.979492 1 30
-5640.880371 2 15 27
-7638.217773 1 34
-4354.652832 3 25 26 32
-3544.091553 3 26 27 31
-4569.472168 2 25 32
-4139.995117 3 25 26 30
-4509.498047 3 20 25 26
30 81
-6497.725586 2 25 33
-4562.084961 2 25 29
-3920.890869 2 24 29
-4321.136230 2 20 27
-4097.815918 2 25 32
-3134.068359 2 24 32
-3781.914307 2 23 32
-4282.925781 2 20 28
-5023.660645 2 15 26
-6223.748047 2 27 33
-1507.519165 2 24 31
-2159.993896 2 23 31
-5017.390625 2 15 33
-4436.918457 2 23 29
-3648.995361 2 20 29
-3410.331055 2 19 29
-6067.458984 2 25 27
-2990.288574 2 17 29
-4333.564453 2 20 25
-5775.913574 2 24 28
-6366.675781 1 27
-6454.964844 2 24 26
-3357.179443 2 19 24
-1057.733887 2 15 32
-1803.614014 2 17 24
-5752.963379 2 25 28
-6627.333008 1 26
-4849.657715 2 15 27
-5455.609863 2 26 28
-6254.897949 2 24 27
-6653.403320 1 25
-3938.542969 1 19
-6966.059570 1 23
-3872.394287 2 20 24
-6885.371094 1 24
-3754.070068 2 19 23
-4620.682617 1 29
-6626.006836 2 23 26
-4356.957031 1 20
-7000.631836 0
-2977.135498 2 17 19
-4068.589600 2 20 23
-6916.900391 1 11
-3078.170898 1 17
-3042.880371 2 17 20
-2280.114014 2 15 20
-3086.059570 3 24 29 32
-4491.058594 2 15 28
-6937.965820 1 16
-6901.224609 1 9
-5265.315430 1 15
-3937.045898 2 19 25
-6567.759766 2 24 33
-1681.489990 2 15 19
-6903.282227 1 8
-1749.290771 2 15 17
-3432.475830 2 29 32
-5927.698242 2 28 33
-4107.456055 2 27 32
-6665.562500 2 23 33
-2044.810059 2 17 31
-5450.682617 3 24 26 28
-2757.141357 2 17 23
-4141.627441 1 32
-3822.129883 2 19 32
-2226.092529 2 29 31
-2723.147217 2 17 32
-5911.566406 2 26 27
-2333.920410 1 31
-6963.298828 1 35
-1085.509766 2 15 31
-4066.347412 2 28 32
-3274.362793 2 15 29
-3956.681396 2 20 32
-5988.612305 1 28
-6879.694336 1 34
-6443.656738 2 26 33
-6514.812012 2 25 26
-6677.313965 1 33
-6660.278809 2 14 33
-6874.725098 2 24 34
31 108
-8169.766113 2 26 33
-8231.561523 2 25 33
-4954.914062 2 24 29
-8896.486328 1 35
-7426.507812 2 15 33
-3857.464600 2 25 32
-2578.210205 3 15 24 32
-2851.583984 2 24 32
-3605.164307 2 23 32
-7476.305176 2 23 28
-5200.949219 2 20 28
-3629.821045 2 23 30
-3462.073975 2 20 30
-6199.764648 2 25 29
-3171.145508 2 17 24
-5968.668457 2 23 29
-4732.737305 2 20 29
-4259.022461 2 19 29
-8018.705078 2 25 27
-5201.767578 2 20 25
-5712.729980 2 15 29
-6545.929199 2 24 28
-2097.639648 2 24 30
-8334.308594 1 27
-7647.837402 2 15 25
-7585.385254 3 23 26 27
-7095.730469 2 24 26
-3729.627441 3 15 20 24
-3034.059326 3 15 19 24
-3259.054443 2 19 24
-2582.109131 2 15 32
-7597.514160 2 25 28
-6780.157227 3 24 26 27
-8526.411133 1 26
-7459.105957 2 15 26
-7181.750488 2 26 28
-7320.516113 2 15 23
-6974.647949 2 24 27
-8399.443359 2 11 23
-4498.246094 1 19
-8435.887695 1 23
-3972.331787 2 20 24
-7471.244629 2 9 24
-7475.488281 1 24
-8175.688965 2 23 25
-4113.742188 2 19 23
-8041.799805 2 23 26
-5220.691406 1 20
-8968.600586 0
-8378.290039 2 8 23
-2965.354248 2 17 19
-8380.692383 2 9 23
-7471.016113 2 8 24
-7879.346680 1 28
-2851.330078 2 17 30
-8813.658203 1 11
-3884.694336 1 17
-6197.039551 2 15 24
-3255.552246 2 17 20
-4397.122070 2 15 20
-7878.506348 3 23 27 33
-4709.113281 2 20 23
-8767.762695 2 8 14
-6951.148438 2 15 28
-8934.364258 1 16
-3619.641357 2 17 23
-8519.194336 2 11 26
-8793.005859 1 9
-8560.262695 1 25
-7749.073242 1 15
-7093.541016 2 24 33
-3689.107178 2 15 19
-8792.040039 1 8
-3243.634766 2 15 17
-4301.885742 1 30
-7069.751953 3 24 26 33
-3506.522705 2 29 32
-4051.992676 2 29 30
-6446.573242 1 29
-7393.271484 2 24 25
-7643.299805 2 28 33
-8014.234375 2 23 33
-6337.612305 3 24 26 28
-8465.711914 1 33
-3861.330566 1 32
-3160.392090 2 19 30
-2400.975342 2 17 32
-3246.528320 2 19 32
-2318.440186 2 30 32
-8333.684570 2 14 33
-8246.125000 2 25 26
-3569.283691 2 15 30
-3444.993896 2 20 32
-8758.709961 1 34
-8013.521484 2 27 33
-7345.497559 2 15 27
-6361.720703 2 29 33
-7759.484375 2 26 27
-8475.933594 2 26 34
-8497.400391 2 9 26
-8682.575195 2 14 34
-8504.878906 2 8 26
-7909.222656 2 23 27
-7901.704102 3 23 26 33
-7102.324219 3 23 26 28
-8332.113281 2 27 34
-7437.912598 2 24 34
-8344.774414 2 23 34
32 104
-6022.430664 2 27 33
-6137.139160 2 26 33
-4829.989258 2 24 29
-3507.556885 2 17 33
-6052.125000 2 15 33
-3624.023926 2 23 30
-3417.969482 2 20 30
-2913.035156 2 24 30
-4994.902832 2 23 29
-3721.492432 2 20 29
-6375.174805 2 25 27
-6455.372070 1 27
-3118.198975 2 19 24
-6400.350586 2 23 27
-6045.320801 2 23 28
-6043.825195 2 25 28
-6384.027344 2 8 27
-6193.160645 2 15 26
-6264.531738 2 15 23
-6277.167969 2 24 27
-6808.876953 1 25
-6692.485352 2 11 23
-3294.629883 1 19
-6808.165527 1 23
-3642.898193 2 20 24
-3229.566895 2 17 30
-6589.870605 2 11 24
-6567.655273 2 9 24
-6664.333008 1 24
-6764.626465 2 23 25
-3221.041748 2 19 23
-5041.679688 1 29
-6522.692383 2 23 26
-3818.239258 1 20
-6947.440430 0
-6666.839844 2 8 23
-6669.828613 2 9 23
-6563.043945 2 8 24
-6078.710938 1 28
-6740.534180 1 11
-3584.605713 1 17
-5915.583496 2 15 24
-6435.725586 2 8 15
-3131.322754 2 17 20
-3330.916016 2 15 20
-3656.186279 2 20 23
-6611.000488 2 8 14
-2580.574707 2 15 17
-6597.337402 1 26
-5624.604004 2 15 28
-6928.899902 1 16
-2914.656006 2 17 19
-6717.444336 1 9
-6482.132812 1 15
-6801.078125 2 14 35
-6170.645508 2 24 33
-2692.135498 2 15 19
-6714.439453 1 8
-3967.925537 2 30 33
-4088.437744 1 30
-3853.463867 2 29 30
-6622.620117 2 24 25
-5720.995117 2 28 33
-3230.864990 2 19 33
-6462.042480 2 11 15
-6440.043945 2 9 15
-6647.076660 2 9 14
-6281.271484 2 23 33
-6435.566406 2 15 25
-6511.431641 2 11 26
-6679.335938 1 34
-6412.590332 2 11 27
-6675.517578 2 11 14
-6555.366699 2 25 26
-6061.558105 2 8 28
-3178.217285 2 19 30
-4836.501953 2 29 33
-5963.991211 2 26 27
-1840.175415 1 31
-3743.177246 2 20 33
-6841.573242 1 35
-1315.152710 2 15 31
-4456.138672 2 15 29
-6041.095215 2 28 34
-5843.232910 3 26 27 33
-5491.531738 2 26 28
-2274.552002 2 15 30
-6020.924316 2 15 27
-6793.835938 2 23 35
-6390.061523 2 24 26
-6358.013672 1 33
-6180.609863 2 14 33
-6075.028809 2 9 28
-6392.824707 2 9 27
-5922.910645 2 24 28
-6462.303711 2 26 34
-6488.075195 2 9 26
-5942.796387 3 15 26 27
-6530.305664 2 14 34
-6494.218262 2 8 26
-6358.031250 2 27 34
-6528.651367 2 24 34
-6405.768066 2 15 34
-6631.214844 2 23 34
33 88
-1750.416138 2 8 36
-1789.009033 3 14 20 35
-2168.619141 2 17 35
-3154.092285 1 26
-3107.523682 2 26 28
-1755.285522 2 9 20
-2787.537109 1 19
-2166.049316 2 35 36
-2970.333496 1 29
-1772.626343 2 11 20
-2787.396484 1 20
-3210.515137 0
-2388.042969 2 14 26
-1636.330444 2 8 20
-1643.965698 2 8 19
-1702.098145 2 8 17
-3121.591309 1 28
-1938.292969 1 11
-3162.099609 1 27
-2843.978027 1 17
-1815.699097 2 14 20
-1402.035522 2 8 14
-1971.078247 2 32 35
-1803.076050 2 14 19
-1776.992554 2 11 19
-1762.973022 2 9 19
-1912.304688 1 9
-3195.856934 1 15
-1799.957886 2 14 35
-1468.108521 2 31 34
-2387.466553 2 14 28
-1790.737305 1 8
-2637.159424 2 31 36
-1951.908081 2 14 17
-1828.035522 2 11 17
-1828.102417 2 9 17
-2205.067383 2 30 35
-2406.710938 1 14
-2907.691650 2 29 36
-1887.354370 2 9 11
-1483.493042 2 19 34
-1528.934937 2 11 14
-2707.633789 1 31
-1786.312744 3 14 19 35
-3143.103516 2 26 27
-1747.283569 2 11 31
-2621.090332 1 32
-2777.697998 2 17 36
-1728.155151 2 14 31
-2184.657471 2 14 29
-2697.746826 2 20 36
-2887.200684 1 30
-2063.837646 2 31 35
-1600.399414 1 34
-3039.067383 1 36
-2023.716431 2 14 30
-1858.433838 2 11 30
-1849.085815 2 9 30
-1857.155151 2 9 36
-2697.928467 2 19 36
-1504.353882 2 9 14
-1725.044189 2 8 30
-2095.053467 2 19 35
-1398.248169 2 32 34
-1559.759399 2 30 34
-1921.472778 2 11 29
-2331.625000 1 35
-1783.032104 2 8 29
-2524.682373 2 32 36
-1474.856812 2 20 34
-1536.600708 2 17 34
-2096.594482 2 20 35
-1552.197510 2 8 32
-1609.072876 2 14 32
-2269.488037 2 6 35
-1898.629761 2 10 11
-1245.301636 2 14 34
-1905.745972 2 9 10
-1676.168335 2 11 32
-1909.014404 2 9 29
-2827.059326 2 30 36
-2266.716797 2 29 35
-1543.742554 2 34 36
-1622.026245 2 8 31
-1748.425171 2 9 31
-1894.345337 2 11 36
-1520.428955 3 11 14 32
-1673.493530 2 9 32
34 49
-5284.720215 1 26
-5126.184570 1 19
-5208.960938 1 29
-5131.051758 1 20
-5310.674805 0
-1243.456421 2 8 33
-915.044739 2 8 11
-5284.179688 1 28
-1709.987305 1 11
-5302.036133 1 27
-5166.605469 1 17
-3544.164307 2 33 36
-4683.281250 2 14 20
-4668.509766 2 14 19
-1653.241211 1 9
-2876.031982 2 14 35
-1326.853516 1 8
-4956.560547 2 31 36
-4800.543457 2 14 17
-4981.874023 1 14
-1480.616089 2 11 33
-1203.100342 2 9 11
-2272.163330 2 33 35
-918.682434 2 8 9
-1175.485229 2 7 8
-5042.565918 1 32
-5100.784668 1 31
-3700.552979 1 33
-4652.212402 2 14 31
-4933.027344 2 14 29
-4959.348633 2 20 36
-5189.734375 1 30
-5039.496094 1 36
-4841.109863 2 14 30
-4956.221680 2 19 36
-2893.530029 2 3 35
-2894.061523 1 35
-991.987122 2 8 35
-4856.108398 2 32 36
-1245.838623 2 11 35
-2236.281494 3 6 33 35
-4533.933594 2 14 32
-2359.249756 2 6 35
-1453.626831 2 10 11
-1453.672729 2 9 10
-1450.662476 2 9 33
-1252.240967 2 9 35
-5029.321777 2 17 36
-4659.400879 2 14 36
35 144
-6204.583984 2 8 36
-6076.750000 2 2 34
-7494.816406 2 3 36
-7811.547852 2 1 33
-2984.876709 2 6 34
-6213.366699 3 4 9 36
-8664.645508 2 0 32
-6255.219727 2 1 34
-8207.862305 2 0 4
-7661.897949 2 5 33
-6261.379395 3 3 11 36
-7854.945801 2 0 33
-5949.471191 2 6 32
-9062.306641 1 26
-7415.357910 3 0 3 36
-6821.283691 3 5 33 36
-9002.618164 1 19
-5963.993164 1 6
-6422.112305 2 4 8
-4858.382324 3 6 33 36
-6814.312988 3 3 33 36
-9054.468750 1 29
-9002.512695 1 20
-9069.854492 0
-7105.847168 2 8 11
-3671.302490 2 6 8
-8499.283203 1 5
-6601.782227 2 5 8
-6604.281250 2 2 8
-6769.146484 2 1 8
-6680.655273 2 5 9
-6512.323242 2 4 9
-6931.054688 3 2 33 36
-7276.745117 1 11
-3844.542725 2 6 9
-8312.340820 1 4
-8477.579102 1 2
-9023.136719 1 17
-6960.586426 2 33 36
-6605.644531 2 3 8
-8819.447266 2 14 20
-3867.959717 2 6 11
-8516.005859 1 3
-8168.573242 2 2 5
-8616.313477 1 1
-8815.201172 2 14 19
-7211.444336 1 9
-6134.355957 3 3 5 8
-6674.210449 3 2 5 9
-8112.889648 2 4 5
-7884.993164 2 3 5
-8307.733398 2 1 5
-8687.556641 1 0
-8439.172852 2 5 14
-7146.431641 1 8
-8287.797852 2 4 14
-8213.674805 2 3 4
-8103.215820 2 0 3
-6359.772949 3 14 33 36
-8905.122070 2 14 17
-6734.078125 2 5 11
-8337.495117 2 2 3
-8337.545898 2 1 3
-8447.973633 2 3 14
-8919.811523 1 14
-8451.739258 2 2 14
-8628.198242 2 0 14
-6754.437500 2 2 11
-8594.261719 2 1 14
-5902.025391 2 6 14
-8431.487305 2 0 1
-6273.121582 3 4 11 36
-7400.158203 3 0 3 33
-7188.920410 2 9 11
-6293.688965 3 3 5 11
-7085.584961 2 8 9
-6783.337402 3 4 33 36
-6729.357422 3 2 5 11
-6952.350098 3 0 33 36
-6471.319824 3 0 3 9
-5574.101562 3 3 5 34
-5842.628418 3 11 14 36
-5787.299805 3 9 14 36
-5738.359375 3 8 14 36
-6266.208008 3 5 11 36
-6215.552246 3 5 9 36
-6190.858398 3 3 9 36
-6132.266113 3 5 8 36
-6134.373047 3 4 8 36
-6122.108398 3 3 8 36
-7261.192871 3 3 5 36
-8963.983398 1 32
-7625.242188 2 0 36
-6034.919434 3 2 5 34
-5403.423828 3 14 34 36
-5674.143066 3 5 34 36
-5661.856445 3 4 34 36
-6805.598633 2 0 8
-6844.672852 2 1 9
-6754.860352 2 3 11
-6368.534668 3 0 3 8
-8997.738281 1 31
-8835.399414 2 14 31
-6687.329102 2 3 9
-6576.889160 3 2 5 8
-7361.839844 2 4 36
-7502.765625 2 2 36
-9032.515625 1 30
-6653.242188 1 34
-7833.613281 1 36
-5551.317383 2 6 36
-6272.225586 2 9 36
-8288.487305 2 0 2
-5822.148926 3 0 3 34
-5006.355469 2 6 33
-8190.951172 1 33
-6238.284668 3 3 5 9
-7824.297852 2 32 36
-6691.062500 2 2 9
-7673.381836 2 3 33
-5891.147461 2 4 34
-8474.391602 2 5 32
-6082.028320 2 5 34
-8742.636719 2 14 32
-6938.085938 2 0 11
-7489.747070 2 4 33
-6903.834961 2 1 11
-7263.712891 2 10 11
-7177.610352 3 3 5 33
-8493.138672 2 3 32
-6880.981445 2 0 9
-5293.557617 3 6 14 36
-5658.616699 3 3 34 36
-6572.393555 2 4 11
-7554.425781 3 2 5 33
-5769.661133 2 34 36
-6528.309082 3 0 3 11
-6293.813477 2 0 34
-7497.767578 2 5 36
-6536.651855 2 14 36
-6336.134766 2 11 36
-6082.368164 2 3 34
-7661.309570 2 2 33
-7594.785156 2 1 36
36 57
-9736.396484 2 6 34
-10351.350586 2 5 33
-10410.774414 2 0 33
-9903.086914 1 6
-10584.299805 0
-10331.752930 2 8 33
-9798.958984 2 6 8
-10458.345703 1 5
-10334.407227 2 5 8
-10359.518555 2 5 9
-10395.791992 2 4 9
-10395.049805 1 11
-9826.550781 2 6 9
-10458.239258 1 4
-10482.540039 1 2
-10368.252930 2 4 8
-10256.468750 2 33 34
-10347.363281 2 3 8
-7289.352051 2 8 14
-9824.991211 2 6 11
-10471.966797 1 3
-10529.977539 1 1
-10396.584961 1 9
-10402.969727 2 3 5
-10517.666016 1 0
-5092.289062 2 14 35
-7315.922852 2 5 14
-10372.080078 1 8
-7311.012695 2 4 14
-10465.153320 2 0 3
-10358.714844 2 5 11
-7349.583008 2 3 14
-7475.444336 1 14
-7372.008789 2 2 14
-7413.088867 2 0 14
-10525.548828 1 13
-10351.100586 2 11 33
-7453.878906 2 1 14
-6352.619141 2 6 14
-10368.032227 2 3 11
-10412.849609 1 33
-10371.086914 2 3 9
-10313.125000 1 34
-7317.381348 2 9 14
-9820.410156 2 6 33
-9348.065430 1 35
-10365.936523 2 3 33
-10310.725586 2 4 34
-10275.036133 2 5 34
-7324.759766 2 11 14
-10379.950195 2 4 33
-7152.969727 2 14 34
-10341.443359 2 9 33
-10393.116211 2 4 11
-9182.491211 2 33 35
-10286.165039 2 3 34
-10404.481445 2 2 33

112
24 20
29 36
34 35
16 35
24 19
34 36
26 29
34 9
22 34
13 8
20 36
30 17
26 9
31 35
5 35
29 25
3 36
30 31
31 11
27 31
16 20
27 36
31 19
24 25
28 17
31 33
29 19
26 19
18 11
24 9
18 20
20 33
31 9
30 32
28 30
32 35
3 4
20 35
16 36
10 9
28 20
28 32
28 11
16 17
22 20
29 17
30 8
31 8
19 9
19 33
27 35
16 9
30 36
16 19
26 33
22 23
30 20
24 33
33 35
33 8
26 11
14 35
31 15
24 32
28 15
27 9
32 9
13 33
28 9
31 20
30 9
27 29
33 11
29 31
19 35
19 8
24 34
34 11
29 20
31 34
16 25
33 9
19 34
12 9
26 15
33 34
16 30
28 19
16 34
19 11
12 11
3 35
28 31
20 11
27 19
28 25
12 33
30 34
35 36
28 29
18 34
22 11
18 36
28 8
30 33
24 15
28 33
26 20
14 34
27 20
16 32
26 36