37
0 7
-142.233673 1 35
-164.596985 0
-54.179157 1 5
-131.761993 1 6
-109.705109 1 4
-125.904083 1 2
-127.781036 1 1
1 9
-575.495117 0
-551.289490 1 6
-278.774567 1 4
-527.374939 1 5
-346.323151 1 2
-467.519226 1 3
-466.412415 2 3 5
-564.497009 1 35
-538.679138 1 0
2 10
-461.550110 2 3 5
-600.676208 1 5
-651.369629 0
-598.666443 1 6
-217.046066 1 4
-466.029968 1 3
-422.197662 1 1
-617.453796 1 35
-408.812988 2 1 3
-612.676453 1 0
3 7
-381.074524 0
-321.526642 1 6
-163.410675 1 4
-273.098907 1 1
-195.735138 1 2
-331.969025 1 35
-372.057526 1 36
4 12
-365.345032 2 3 5
-606.466797 0
-537.911072 1 6
-537.816345 1 5
-172.142990 1 2
-309.746002 1 1
-388.802429 1 3
-565.599060 1 35
-278.489258 2 1 3
-551.574646 1 0
-380.595520 2 0 3
-603.655334 1 36
5 7
-125.128204 1 35
-152.645813 0
-110.316193 1 6
-83.995636 1 4
-101.952423 1 2
-104.525665 1 1
-42.227497 1 0
6 11
-401.394196 1 4
-469.949677 0
-427.620056 1 5
-445.744049 1 1
-410.401550 1 3
-417.246490 1 2
-395.753723 2 3 5
-437.114685 1 0
-405.210266 2 0 3
-231.241135 1 35
-428.592804 1 36
7 2
-158.679993 0
-70.422638 1 8
8 17
-524.724060 1 20
-436.907166 1 7
-313.083405 1 11
-525.164551 0
-270.325195 2 7 9
-280.029541 2 7 11
-302.361725 1 9
-523.351501 1 19
-513.234680 1 14
-247.465256 1 34
-520.143250 1 32
-404.225525 1 33
-522.596252 1 36
-397.298004 1 35
-367.509521 2 7 35
-351.884583 2 7 33
-206.785889 2 7 34
9 16
-268.499023 2 8 10
-366.720612 1 8
-193.403244 1 11
-589.523438 0
-586.278015 1 19
-589.326355 1 20
-439.909607 1 10
-582.862122 1 14
-584.054138 1 32
-454.301666 1 35
-477.021423 1 33
-305.859772 1 34
-585.801331 1 36
-200.257812 2 10 34
-362.001709 2 10 35
-370.245178 2 10 33
10 3
-246.879700 0
-97.265900 1 9
-85.905548 1 11
11 14
-254.985840 2 8 10
-580.021973 0
-578.939636 1 19
-183.901779 1 9
-576.463928 1 14
-575.961853 1 32
-446.851715 1 35
-474.674744 1 33
-419.047791 1 10
-321.269928 1 34
-199.608398 2 10 34
-367.940826 1 8
-339.997803 2 10 35
-354.175842 2 10 33
12 1
-258.054504 0
13 1
-62.993965 0
14 8
-636.760681 2 35 36
-833.032715 0
-829.474792 1 11
-821.102966 1 8
-826.371521 1 9
-762.225525 1 33
-824.046570 1 34
-643.876038 1 36
15 6
-392.708923 1 31
-387.504944 1 24
-404.883911 0
-334.311951 1 30
-403.445984 1 17
-402.854309 1 32
16 2
-127.197578 0
-111.473480 1 25
17 13
-647.610657 1 27
-405.309753 1 30
-460.803772 1 20
-614.664612 1 24
-654.819275 1 23
-430.135803 1 19
-666.968872 0
-617.549988 1 28
-665.530457 1 15
-542.849304 1 29
-340.833435 1 31
-432.342590 1 32
-648.500916 1 33
18 3
-155.678040 0
-152.068634 1 20
-147.887482 1 19
19 16
-459.402008 1 11
-460.484344 0
-129.377853 1 20
-436.322906 1 27
-456.090271 1 26
-452.693787 1 18
-223.651749 1 17
-457.238922 1 9
-458.671295 1 8
-139.768936 1 31
-242.388321 1 30
-399.423981 1 28
-338.396149 1 29
-427.206482 1 33
-457.080963 1 34
-186.208908 1 32
20 15
-396.586823 1 29
-445.575348 1 28
-491.839783 1 26
-223.121475 1 31
-492.936676 1 8
-493.376923 0
-162.270432 1 19
-493.180084 1 9
-489.767517 1 18
-477.042145 1 27
-287.212555 1 17
-263.522858 1 32
-300.919098 1 30
-464.222107 1 33
-491.178131 1 34
21 1
-339.643036 0
22 1
-33.800606 0
23 5
-167.884064 1 24
-222.608490 1 31
-239.986633 0
-227.837494 1 17
-235.773224 1 32
24 6
-262.910065 1 32
-194.907654 1 23
-267.010223 0
-214.706924 1 17
-249.631485 1 15
-198.133194 1 31
25 6
-850.781555 1 27
-844.794617 1 26
-787.056580 1 29
-832.865173 1 28
-852.288208 0
-836.564148 1 16
26 7
-166.305023 1 29
-252.750824 1 25
-260.244446 0
-258.707306 1 20
-255.850372 1 19
-252.944122 1 32
-259.024750 1 31
27 11
-193.235001 1 29
-111.782127 1 28
-318.455994 1 33
-297.384186 1 19
-305.210846 1 20
-321.545868 0
-302.187653 1 17
-320.038727 1 25
-303.152985 1 30
-296.919830 1 32
-293.775299 1 31
28 10
-263.079041 1 29
-293.235901 1 27
-441.939026 1 19
-455.197571 1 20
-502.999634 0
-453.580994 1 17
-483.576477 1 25
-458.694031 1 30
-447.988342 1 32
-436.565369 1 31
29 14
-340.442963 2 26 28
-372.815857 1 28
-484.425598 1 27
-490.648254 1 19
-515.946106 1 20
-612.735962 0
-488.617371 1 17
-518.796814 1 26
-547.504944 1 25
-601.195251 1 33
-493.280823 1 32
-463.259674 2 26 27
-475.425476 1 31
-495.047791 1 30
30 12
-426.059021 1 29
-323.048889 1 32
-499.442322 1 28
-525.355530 1 27
-301.209351 2 15 32
-325.651917 1 19
-351.290100 1 20
-543.748169 0
-282.089050 1 17
-473.175964 1 15
-531.053650 1 33
-247.273132 1 31
31 14
-563.510437 1 29
-634.387390 1 28
-673.051331 1 27
-683.443298 1 23
-380.106018 1 19
-631.943909 1 24
-430.565735 1 20
-700.821411 0
-374.686462 1 17
-699.601746 1 26
-688.646423 1 15
-404.346863 1 30
-666.029724 1 33
-282.755920 1 32
32 19
-445.677155 1 29
-510.121735 1 28
-540.507263 1 27
-560.919373 1 23
-290.857330 1 19
-561.032410 1 24
-335.278717 1 20
-565.132812 0
-561.072693 1 11
-560.111511 1 8
-330.506989 1 17
-557.832458 1 26
-559.663513 1 9
-563.103149 1 15
-344.433746 1 30
-521.706482 1 33
-558.826599 1 34
-147.067276 1 31
-565.101501 1 35
33 16
-268.669769 1 30
-269.823090 1 29
-160.425079 1 8
-252.209259 1 20
-281.364075 0
-248.086212 1 19
-262.896576 1 17
-168.862091 1 9
-210.556793 1 14
-176.016876 1 11
-246.572113 1 31
-237.937775 1 32
-267.356842 1 36
-150.948517 1 34
-278.274200 1 27
-209.137970 1 35
34 11
-157.793381 1 11
-416.545380 0
-414.346344 1 20
-413.141998 1 19
-407.559113 1 14
-132.881760 1 9
-138.846115 1 8
-286.129822 1 33
-403.125031 1 36
-248.397385 1 35
-410.239166 1 32
35 23
-356.325104 2 6 34
-457.100006 1 6
-398.866364 2 6 9
-695.808594 0
-405.292633 2 6 8
-668.290710 1 5
-562.638367 1 11
-567.942078 1 8
-654.941101 1 4
-584.878296 2 33 36
-400.144928 2 6 11
-646.702820 1 3
-684.810486 1 1
-560.586853 1 9
-661.892761 1 2
-673.445007 1 0
-695.777283 1 32
-527.660583 1 34
-600.350159 1 36
-439.216553 2 6 33
-623.582458 1 33
-618.519104 2 3 33
-593.235168 2 14 36
36 12
-761.304138 1 6
-802.661133 0
-799.849792 1 4
-793.643982 1 3
-798.938904 1 9
-504.895844 2 14 35
-800.092957 1 8
-613.504211 1 14
-611.072693 2 6 14
-788.653748 1 33
-789.240662 1 34
-707.202576 1 35

23
16 34
20 35
26 9
30 36
32 33
13 11
24 25
29 35
3 6
30 11
30 35
13 35
20 9
24 9
16 35
27 25
28 9
19 36
24 31
31 8
31 20
28 20
30 8