37
0 8
-103.555183 1 10
-80.298965 1 1
-54.981209 1 5
-80.033707 1 2
-74.151138 1 4
-92.656631 1 6
-98.775894 1 35
-105.288460 0
1 14
-368.564880 2 0 35
-354.063904 2 0 6
-398.877197 0
-343.650574 2 5 6
-276.164459 2 3 5
-311.650208 2 3 6
-297.988312 2 0 3
-361.999420 1 6
-319.408234 1 3
-373.887726 1 0
-165.396149 1 4
-351.106720 1 5
-211.792389 1 2
-376.637604 1 35
2 16
-401.058777 2 0 35
-385.864685 2 5 35
-438.079834 0
-287.384827 2 3 6
-382.692322 2 0 6
-198.953049 2 1 3
-248.200348 2 3 5
-371.317566 2 5 6
-391.725494 1 6
-250.994904 1 1
-412.824982 1 0
-397.074982 1 5
-290.650909 1 3
-266.192902 2 0 3
-120.904686 1 4
-411.191071 1 35
3 10
-193.056076 2 1 35
-181.703171 2 1 6
-273.948120 0
-227.593414 2 5 6
-272.642487 1 36
-232.052261 1 6
-194.479141 1 1
-118.736588 1 4
-126.519302 1 2
-247.065445 1 35
4 17
-369.788269 2 0 35
-414.877686 0
-384.490387 1 35
-350.136414 2 5 35
-335.561218 2 5 6
-252.569748 2 3 6
-349.626648 2 0 6
-123.437431 2 1 3
-208.180328 2 3 5
-85.900589 2 1 2
-362.576324 1 6
-383.740509 1 0
-181.396759 1 1
-359.513702 1 5
-259.666290 1 3
-231.779572 2 0 3
-97.702782 1 2
5 18
-44.034924 1 4
-58.394299 1 2
-34.604275 2 0 4
-36.915798 2 0 1
-43.746010 2 2 6
-37.347439 2 0 6
-51.628551 1 1
-49.091805 1 0
-37.138710 2 4 6
-45.805092 2 1 6
-59.694973 2 3 6
-64.154190 1 6
-99.399055 0
-79.668716 1 35
-42.094997 2 0 2
-46.072414 2 0 35
-54.341957 2 2 35
-97.426437 1 36
6 21
-303.659485 2 5 36
-292.180939 2 3 36
-311.360443 2 14 36
-186.953201 2 34 35
-189.464035 2 5 35
-343.095459 0
-188.106979 2 3 35
-258.712555 2 3 5
-300.394104 2 1 5
-293.441589 2 1 3
-283.897766 2 4 5
-318.581360 1 36
-282.092834 2 2 5
-286.188751 2 0 3
-301.199493 1 3
-306.217560 1 1
-330.463654 1 0
-290.793854 1 4
-296.741119 1 2
-307.850372 1 5
-189.660309 1 35
7 2
-46.211315 1 8
-87.079475 0
8 14
-195.530426 1 11
-151.791534 1 34
-236.770309 2 33 35
-222.781540 2 7 35
-159.961472 2 7 11
-277.990997 1 33
-112.506401 2 7 34
-337.261475 0
-337.208405 1 32
-254.467194 1 35
-242.986847 2 7 33
-169.358078 2 7 9
-203.262360 1 9
-296.393341 1 7
9 15
-307.085266 2 33 35
-209.563766 2 10 35
-243.998322 1 34
-202.988266 3 10 33 35
-138.235641 2 10 11
-157.120895 2 8 10
-352.592316 1 33
-226.716095 2 10 33
-408.886719 0
-288.232452 1 10
-115.476616 2 10 34
-326.327545 1 35
-405.787262 1 32
-151.379547 1 11
-274.887482 1 8
10 8
-65.997841 2 11 34
-63.659695 2 9 33
-186.569702 0
-74.549332 1 11
-61.405434 2 9 11
-64.221107 2 9 34
-65.915543 1 9
-184.836441 1 0
11 15
-224.724884 1 34
-237.749054 2 10 33
-208.684616 2 10 35
-305.510559 2 33 35
-139.826340 2 9 10
-146.543259 2 8 10
-348.238312 1 33
-401.843262 0
-289.823029 1 10
-97.979790 2 10 34
-139.366776 2 9 34
-400.722321 1 32
-144.336334 1 9
-317.622711 1 35
-260.112335 1 8
12 1
-149.699341 0
13 2
-34.984447 1 14
-35.608280 0
14 7
-523.079590 1 33
-548.936768 0
-548.312988 1 13
-397.405334 1 36
-357.741852 2 35 36
-390.435059 2 33 36
-390.184082 2 6 36
15 8
-260.139313 1 24
-260.343292 1 23
-258.902161 1 17
-258.818146 1 32
-199.505035 2 30 32
-207.830124 1 30
-247.799118 1 31
-261.566040 0
16 2
-90.231575 0
-87.616776 1 25
17 28
-189.853073 1 31
-250.323044 1 30
-349.319275 1 29
-420.013489 1 28
-440.224274 1 27
-436.649689 1 26
-449.831665 1 25
-406.785553 1 24
-334.260406 1 20
-432.534241 2 26 33
-437.556702 2 23 33
-455.028198 0
-274.873779 2 24 32
-281.877960 1 32
-245.978867 2 23 30
-348.502350 2 24 29
-405.741058 2 26 28
-429.309174 2 26 27
-406.226898 2 24 26
-272.167969 2 19 24
-325.724091 2 20 23
-452.364319 1 15
-444.955841 1 33
-441.048859 1 23
-193.957550 2 24 30
-430.335999 2 23 26
-285.211090 1 19
-322.392700 2 20 24
18 3
-81.797501 1 20
-93.334358 0
-79.675186 1 19
19 21
-282.806915 1 26
-98.243675 1 20
-278.577423 1 18
-274.347931 2 18 26
-122.419464 1 17
-266.967102 2 26 27
-103.664116 2 18 32
-270.409454 2 18 33
-275.447815 2 18 27
-106.449242 1 32
-277.697540 1 33
-238.715637 2 26 28
-260.168488 1 28
-278.758087 1 27
-203.703278 1 29
-273.509308 2 26 33
-133.864044 1 30
-77.903152 2 20 32
-273.815491 2 27 33
-292.236572 0
-77.872589 1 31
20 21
-294.657257 1 26
-298.982208 1 23
-103.773003 2 19 23
-106.431419 1 19
-179.656525 1 17
-288.887482 1 18
-287.934357 2 18 26
-286.698059 2 26 27
-278.028107 2 18 33
-167.736252 2 18 32
-168.433624 1 32
-300.424316 0
-149.838898 1 31
-283.216095 1 33
-270.142639 2 26 28
-185.968292 1 30
-237.767975 1 29
-282.741974 2 26 33
-290.904083 1 27
-277.703156 1 28
-174.363342 2 23 30
21 1
-197.211685 0
22 1
-16.146122 0
23 8
-135.823288 2 20 30
-142.491821 0
-141.179092 1 32
-124.480728 1 31
-92.494034 1 24
-141.049698 1 20
-128.512466 1 17
-141.269058 1 15
24 8
-126.339371 1 23
-128.094513 1 17
-174.910431 1 15
-169.640411 1 32
-108.461700 1 31
-101.239204 2 23 31
-176.337173 0
-116.760689 2 17 23
25 9
-515.790710 1 29
-572.078552 1 27
-550.352051 2 26 28
-561.142578 1 26
-561.983215 1 28
-586.512085 0
-583.284729 1 31
-583.897217 1 16
-581.315491 1 17
26 12
-137.710495 2 28 32
-138.182877 1 30
-86.511978 1 29
-126.680740 1 25
-73.419258 2 28 29
-135.666794 2 19 28
-152.050171 0
-139.819839 1 31
-143.054092 1 32
-146.283096 1 20
-142.620499 1 19
-133.671646 1 17
27 10
-207.975677 1 25
-212.888947 1 20
-208.930695 1 19
-207.605255 1 17
-214.187775 1 32
-211.226349 1 31
-132.672272 1 29
-83.963654 1 28
-218.528107 1 30
-222.409195 0
28 13
-316.857727 1 31
-322.980286 1 30
-206.396652 1 27
-320.313354 1 25
-322.121002 1 20
-344.842163 0
-319.956818 1 32
-314.613373 2 26 32
-169.964279 1 29
-305.820526 2 19 26
-156.871689 2 26 29
-309.827454 1 17
-312.774078 1 19
29 29
-312.881165 1 31
-412.110474 0
-293.902252 2 27 30
-318.055084 2 25 32
-296.135712 2 26 30
-298.368500 2 26 32
-293.537720 2 27 32
-316.248596 1 30
-301.836578 2 27 31
-290.824799 2 26 31
-153.532333 2 26 28
-346.572296 1 26
-262.689545 2 26 27
-289.073608 2 19 27
-341.389282 1 25
-332.172089 2 25 26
-290.307343 2 19 26
-237.232712 1 28
-311.612183 2 19 25
-290.640350 2 17 26
-332.607941 1 32
-322.373688 1 27
-297.300201 2 17 27
-337.877472 2 20 25
-306.401672 1 17
-310.783936 2 20 27
-312.566498 2 20 26
-323.577301 1 19
-349.454254 1 20
30 18
-235.039474 1 20
-164.082550 2 15 19
-144.790329 1 17
-191.122971 1 19
-229.813065 2 20 23
-221.826813 2 15 20
-139.963181 1 31
-200.117111 1 32
-341.781769 1 33
-349.495483 0
-317.241547 2 26 28
-327.633606 1 28
-140.803497 2 15 32
-345.614410 1 27
-295.759583 1 15
-335.628204 1 26
-335.525696 2 26 33
-253.633469 1 29
31 29
-445.470764 2 26 33
-258.235168 1 30
-439.783020 1 28
-456.584625 1 27
-455.537140 1 26
-464.540161 1 25
-399.891998 1 24
-317.182037 1 20
-396.605316 2 24 33
-199.791748 2 24 32
-213.465256 1 32
-199.525909 2 24 30
-350.780426 2 24 29
-427.286224 2 26 28
-449.907074 2 26 27
-228.019409 2 19 24
-306.090546 2 20 23
-254.127060 2 23 30
-467.767456 0
-449.669708 1 33
-438.178528 2 23 33
-368.538025 1 29
-444.532043 2 23 26
-449.756378 1 23
-194.380157 2 17 32
-253.403488 1 19
-292.348267 2 20 24
-454.000549 1 15
-202.592331 1 17
32 26
-340.250275 1 24
-345.634308 1 23
-214.956329 1 20
-343.847809 1 9
-161.159698 1 19
-346.893951 1 8
-173.796906 1 17
-345.826080 1 11
-314.249329 2 28 33
-344.199249 1 15
-189.243179 2 15 30
-346.752960 1 34
-302.652649 2 26 28
-92.644806 1 31
-322.095490 1 33
-260.701233 2 29 33
-338.725616 1 27
-267.444489 1 29
-322.061798 1 28
-317.808136 2 26 33
-337.950958 1 26
-328.247620 2 26 27
-195.312317 2 23 30
-346.947021 0
-192.107407 2 24 30
-197.568634 1 30
33 34
-130.114639 1 20
-121.465652 1 14
-91.028580 1 9
-111.615089 2 14 19
-132.783829 1 19
-107.255348 2 14 20
-88.052383 1 8
-115.611687 2 14 17
-93.717789 1 11
-137.250504 1 17
-91.935829 2 11 19
-92.623817 2 11 20
-116.580070 2 35 36
-84.900124 2 9 14
-82.013283 2 8 14
-119.617691 1 35
-118.695473 2 20 35
-122.471329 1 32
-73.757545 2 14 34
-147.322876 0
-78.361465 1 34
-129.225113 1 31
-74.701942 2 32 34
-107.862343 2 32 35
-86.347572 2 11 14
-139.609146 1 30
-97.462563 2 14 32
-89.000771 2 9 32
-144.308273 1 36
-89.203407 2 11 32
-84.381264 2 8 32
-88.773094 2 9 10
-107.647621 2 14 35
-109.250237 2 14 31
34 13
-106.280418 1 9
-94.050194 1 11
-85.090530 2 8 11
-85.698753 1 8
-202.207291 1 33
-270.974518 1 32
-132.809372 2 33 35
-102.748833 2 9 33
-158.231354 1 35
-271.168701 0
-85.498589 2 10 11
-104.586113 2 9 10
-155.524368 2 6 35
35 65
-192.568314 2 6 34
-343.863953 2 5 34
-358.973572 2 0 34
-444.420929 1 33
-359.188751 1 34
-234.641190 2 6 11
-385.042816 2 1 11
-388.374207 2 0 9
-373.255920 2 5 8
-370.654480 2 3 8
-340.351501 2 3 34
-389.567291 1 9
-389.331940 1 8
-318.691071 1 6
-452.395782 1 5
-445.237823 1 2
-426.057526 2 3 5
-387.905670 1 11
-343.160126 2 4 34
-290.543274 2 6 33
-428.279083 2 5 33
-423.424988 2 4 33
-427.066711 2 2 33
-433.036682 2 1 33
-346.363251 2 2 34
-353.184662 2 1 34
-378.895721 2 2 11
-472.126221 0
-373.708923 2 5 11
-376.527069 2 4 11
-240.924393 2 6 9
-375.013489 2 5 9
-232.509109 2 6 8
-443.030792 2 0 33
-421.671783 2 3 33
-411.599915 3 3 5 33
-449.886749 1 1
-441.738922 1 4
-377.150543 2 4 9
-374.477997 2 4 8
-433.124817 1 36
-384.602142 2 1 9
-441.185364 2 2 5
-393.461487 2 14 36
-370.204407 2 3 11
-372.767395 2 3 9
-380.352814 2 2 9
-445.243683 1 3
-366.831512 3 3 5 8
-377.550385 2 2 8
-382.839569 2 1 8
-371.639984 3 3 5 9
-336.840179 3 3 5 34
-441.347687 2 0 3
-369.858246 3 3 5 11
-465.613556 1 0
-405.396851 2 33 36
-370.362122 2 11 36
-373.337708 2 8 36
-373.546997 2 9 36
-417.794830 2 3 36
-426.197662 2 4 36
-431.988098 2 5 36
-430.362854 2 2 36
-345.375763 2 34 36
36 11
-298.278778 2 14 35
-340.148224 2 6 14
-534.714355 0
-531.699707 1 33
-379.551697 2 3 14
-510.200348 1 6
-532.741699 1 5
-383.182831 1 14
-533.408691 1 3
-495.712799 1 35
-492.675598 2 33 35

0