37
0 11
-121.991058 2 1 35
-115.460999 2 1 6
-113.868988 2 2 35
-183.908463 0
-107.702011 2 2 6
-149.367004 1 6
-99.610565 1 4
-125.503296 1 1
-68.367714 1 5
-117.009857 1 2
-159.094055 1 35
1 17
-680.392334 2 0 35
-672.608154 2 0 6
-659.247559 2 5 35
-743.857971 0
-655.247803 2 5 6
-521.067566 2 3 5
-593.556641 2 3 6
-451.355621 2 2 5
-453.764984 2 2 3
-543.927917 2 0 3
-706.514282 1 6
-596.281799 1 3
-685.452698 1 0
-348.467804 1 4
-662.302307 1 5
-455.183990 1 2
-717.495483 1 35
2 16
-740.424561 2 0 35
-730.915039 2 5 35
-817.040100 0
-731.928467 2 0 6
-427.331787 2 1 3
-499.116364 2 3 5
-723.025146 2 5 6
-568.161621 2 3 6
-773.593384 1 6
-507.670074 2 0 3
-569.848206 1 3
-528.366394 1 1
-750.141663 1 0
-268.798004 1 4
-740.937073 1 5
-785.649292 1 35
3 15
-357.278168 2 1 35
-253.412949 2 2 6
-345.887268 2 1 6
-219.659164 2 4 35
-260.177582 2 2 35
-214.164886 2 4 6
-472.268921 2 5 35
-510.710236 0
-456.093872 2 5 6
-458.844543 1 6
-262.099426 2 1 2
-363.134155 1 1
-221.901581 1 4
-263.518646 1 2
-473.847229 1 35
4 22
-661.899170 2 0 35
-637.652832 2 5 35
-460.672363 2 3 35
-763.171448 0
-362.058380 2 0 1
-628.874756 2 5 6
-450.696777 2 3 6
-648.663818 2 0 6
-355.006805 2 1 5
-244.862549 2 1 3
-366.022614 2 3 5
-195.802887 2 2 5
-192.285004 2 2 3
-695.376587 1 6
-395.283356 2 0 3
-474.362885 1 3
-648.179749 1 5
-367.781433 1 1
-678.873596 1 0
-214.929108 1 2
-145.117950 2 1 2
-714.860229 1 35
5 21
-77.090195 2 1 35
-58.053833 2 0 35
-68.818710 2 2 6
-68.120667 2 1 6
-51.424927 2 0 6
-39.674484 2 0 4
-58.130844 2 4 35
-80.603363 2 2 35
-52.884613 2 4 6
-133.760132 2 3 35
-174.563248 0
-47.968414 2 0 1
-58.492432 2 0 2
-116.635864 2 3 6
-174.288879 1 36
-119.387024 1 6
-59.571503 1 4
-93.007690 1 1
-59.022503 1 0
-98.460052 1 2
-135.337708 1 35
6 31
-300.261108 2 34 35
-578.456543 2 14 36
-328.775024 2 11 35
-331.789673 2 9 35
-332.522339 2 8 35
-333.509521 2 33 35
-631.950256 0
-584.564209 2 0 1
-518.864441 2 3 5
-569.719727 2 1 5
-577.359619 2 1 3
-566.042969 2 0 36
-557.468506 2 4 5
-579.195679 2 0 2
-556.418884 2 3 4
-583.998657 1 36
-558.861938 2 2 5
-578.397827 2 2 3
-543.150574 2 0 3
-580.084534 1 3
-594.606628 1 1
-597.408752 1 0
-564.155273 1 4
-588.503296 1 2
-576.773987 1 5
-340.268433 1 35
-550.121582 2 3 36
-546.524902 2 5 36
-568.379761 2 2 36
-545.379089 2 4 36
-571.967712 2 1 36
7 3
-56.327087 2 8 34
-177.702896 0
-62.286926 1 8
8 31
-637.122559 2 14 36
-376.945435 2 9 35
-364.401123 2 7 35
-468.725708 2 6 35
-614.913757 2 14 32
-538.194580 2 7 32
-341.022949 3 7 33 35
-439.904053 2 33 35
-238.716064 2 7 11
-369.736572 2 9 10
-639.053223 1 14
-510.134857 1 33
-355.116943 2 11 33
-160.109131 2 7 34
-663.863831 0
-647.924438 1 32
-476.471558 1 35
-659.983337 1 31
-371.910400 2 9 33
-392.235016 2 7 33
-257.536377 2 7 9
-533.075806 2 7 14
-377.691528 1 9
-287.866333 1 34
-662.305786 1 19
-655.732544 1 36
-356.623657 1 11
-548.447815 1 7
-660.891724 1 20
-635.688477 2 14 20
-510.062866 2 33 36
9 30
-369.061768 2 10 35
-546.464478 2 6 35
-679.327820 2 14 32
-721.116394 1 30
-533.435303 2 10 32
-346.085693 3 10 33 35
-520.768799 2 33 35
-218.371826 2 10 11
-241.206299 2 8 10
-696.972351 2 14 31
-697.287537 2 14 19
-697.902344 1 14
-576.959045 1 33
-523.796631 2 10 14
-385.120758 2 10 33
-724.416077 0
-542.026917 1 10
-705.062134 1 32
-714.408142 1 31
-238.151245 2 11 34
-166.113037 2 10 34
-554.942749 1 35
-715.908813 1 20
-693.763184 2 14 20
-251.178345 1 11
-438.243774 1 8
-719.953735 1 36
-718.125122 1 19
-374.010864 1 34
-723.261902 1 17
10 9
-117.200806 2 11 33
-92.289001 2 9 34
-294.268341 0
-105.879517 2 9 33
-114.630798 2 11 34
-103.924255 2 8 9
-87.846130 2 9 11
-111.879211 1 9
-120.652649 1 11
11 32
-704.253906 2 14 36
-390.554932 2 10 35
-545.692017 2 6 35
-689.628113 2 14 32
-740.096863 1 30
-558.600830 2 10 32
-361.718994 3 10 33 35
-521.312256 2 33 35
-244.686768 2 9 10
-259.468994 2 8 10
-707.504578 2 14 31
-709.369629 1 14
-589.606995 1 33
-545.915283 2 10 14
-409.089996 2 10 33
-233.029663 2 9 34
-741.957092 0
-568.341858 1 10
-733.113708 1 31
-266.991455 2 9 33
-434.589111 2 8 33
-183.333252 2 10 34
-260.723022 2 8 9
-723.360962 1 32
-734.520142 1 36
-737.439575 1 20
-739.113403 1 19
-707.989746 2 14 20
-268.719849 1 9
-434.717407 1 8
-557.185425 1 35
-368.889282 1 34
12 1
-352.054962 0
13 3
-68.455833 0
-64.379700 1 36
-65.906433 1 14
14 19
-1073.969360 2 8 32
-1002.847900 2 32 33
-1007.865295 1 33
-1099.715332 0
-1087.028931 1 35
-1003.704834 2 20 33
-1097.166138 1 13
-1063.871216 1 34
-1074.904907 1 8
-744.240234 2 34 36
-777.046997 1 36
-1067.127808 1 11
-760.021851 2 9 36
-1073.201782 1 9
-684.045776 2 35 36
-704.195190 2 33 36
-746.781006 2 11 36
-758.437622 2 8 36
-771.505005 2 6 36
15 17
-297.242920 2 30 32
-477.954407 2 24 32
-429.709229 1 30
-419.457520 2 30 31
-449.960205 2 24 31
-554.422607 1 29
-400.211182 2 19 30
-424.712158 2 20 30
-484.922119 1 31
-520.864197 1 32
-556.411926 0
-515.587769 2 23 32
-516.832458 1 24
-547.629028 1 23
-495.560303 2 17 24
-474.305420 2 17 32
-525.821533 1 17
16 7
-212.248123 1 30
-213.582291 0
-202.273026 1 25
-213.097733 1 31
-211.282532 1 19
-213.261047 1 20
-212.233475 1 17
17 39
-430.339111 2 30 32
-479.521301 2 24 32
-451.814697 1 30
-836.343201 1 34
-624.187256 1 29
-446.083008 2 23 30
-602.581055 2 24 29
-784.238708 1 27
-706.212402 2 26 28
-805.751099 1 26
-742.881226 2 26 27
-817.575928 1 25
-750.153687 2 24 26
-743.292725 1 28
-486.794250 2 19 24
-795.883789 2 15 33
-800.325806 1 33
-801.870605 2 15 26
-770.366577 2 27 33
-463.138672 2 15 32
-837.403137 0
-738.735718 2 24 33
-806.813232 1 15
-783.263428 2 26 33
-509.697205 1 32
-724.725342 2 24 28
-749.028137 2 24 27
-344.788330 1 31
-304.175049 2 24 30
-763.124451 1 24
-564.648865 1 20
-796.723877 2 23 33
-836.248962 1 9
-803.133545 2 23 26
-826.485962 1 23
-518.137634 1 19
-741.852783 2 15 24
-533.958801 2 20 24
-836.054199 1 16
18 3
-213.582291 0
-206.180481 1 20
-201.497375 1 19
19 32
-198.792725 2 18 32
-263.106598 2 15 30
-292.604645 1 30
-382.306305 1 29
-528.499146 1 27
-436.050629 2 26 28
-553.068909 1 26
-481.847900 2 26 27
-526.229736 2 18 27
-585.993835 1 25
-545.971375 2 18 26
-485.133942 1 28
-127.825195 2 20 31
-548.544983 1 33
-146.166748 2 20 23
-479.506683 2 28 33
-580.509888 1 34
-586.135803 0
-505.877686 2 27 33
-527.894714 2 26 33
-205.812134 1 32
-541.869324 2 18 33
-137.701340 1 31
-268.296875 2 24 30
-159.047974 1 20
-579.844849 1 9
-125.661011 2 20 32
-266.870270 1 17
-583.291626 1 11
-584.577759 1 8
-583.835876 1 16
-574.050842 1 18
20 36
-355.540680 2 15 30
-294.661865 2 18 32
-360.537262 1 30
-564.226562 2 14 33
-431.450836 1 29
-347.451172 2 24 30
-555.398560 1 27
-482.906097 2 26 28
-582.418030 1 26
-520.073975 2 26 27
-580.683289 2 18 26
-523.332703 1 28
-151.803467 2 19 23
-568.387268 1 33
-512.843567 2 28 33
-530.322021 2 27 33
-607.793030 0
-554.907410 2 26 33
-296.694946 1 32
-237.309647 2 23 31
-566.617859 2 18 33
-247.815598 1 31
-337.519379 2 23 30
-595.653015 2 18 23
-563.357605 2 23 33
-598.192932 1 23
-600.391174 1 18
-599.285767 1 9
-604.820923 1 8
-603.275024 1 11
-607.471619 1 16
-335.038239 1 17
-283.892334 2 23 32
-576.807312 2 23 26
-180.705200 1 19
-599.868774 1 34
21 2
-448.677826 1 22
-466.366730 0
22 4
-72.825462 0
-55.889202 1 23
-48.874146 2 21 23
-55.136536 1 21
23 17
-320.277588 2 30 32
-307.029633 2 30 31
-297.144287 2 20 31
-330.728790 0
-307.650482 1 31
-297.477203 2 22 31
-258.492981 1 24
-243.155396 2 22 24
-318.651306 2 20 32
-312.450439 2 20 30
-310.448395 2 17 22
-313.792511 1 22
-313.090454 2 20 22
-321.128723 1 20
-319.811615 1 17
-321.945892 1 15
-308.247498 2 19 20
24 18
-322.575195 2 20 30
-311.354004 2 19 30
-257.895020 2 30 32
-157.532379 2 30 31
-172.759430 2 15 31
-308.459625 1 25
-277.316895 2 15 32
-331.498077 0
-320.227173 1 32
-186.923416 2 23 31
-207.721848 1 31
-188.022125 2 17 30
-259.262299 1 23
-223.593826 2 17 23
-256.204926 2 15 23
-257.218903 1 17
-291.918610 1 15
-226.957428 2 15 17
25 17
-1148.267090 1 30
-1033.734131 1 29
-1025.211426 2 24 29
-1125.216187 1 27
-1097.534180 2 26 28
-1132.659790 1 26
-1104.365601 2 26 27
-1114.737671 2 24 26
-1107.357178 1 28
-1165.413818 0
-1163.687622 1 32
-1143.910156 1 31
-1142.375366 1 24
-1129.079712 2 16 26
-1165.271362 1 19
-1154.104492 1 16
-1145.586182 1 17
26 24
-273.907654 2 27 32
-261.568481 2 25 32
-278.649506 1 30
-270.236084 2 27 31
-270.902557 2 25 31
-167.338943 1 29
-160.035400 2 27 29
-265.152283 2 19 27
-273.237885 1 25
-264.841064 2 19 25
-136.532059 2 28 29
-265.485596 2 19 28
-303.340363 1 33
-305.991974 0
-274.142334 2 20 28
-276.477844 1 32
-273.504974 1 31
-270.446533 2 17 27
-272.832123 2 17 25
-276.479431 2 20 27
-271.853760 2 20 25
-280.617004 1 20
-272.925110 1 19
-274.339935 1 17
27 20
-347.115967 2 26 32
-342.953491 2 25 32
-351.737457 1 30
-341.602386 2 26 31
-196.983566 1 29
-338.776611 2 19 26
-97.592445 1 28
-342.149414 2 19 25
-403.309174 1 33
-404.185577 0
-349.686157 1 32
-189.680496 2 26 29
-344.871246 1 31
-347.127777 2 17 26
-347.653564 2 20 26
-348.350098 2 20 25
-351.791138 1 20
-346.548950 1 19
-363.987946 1 25
-351.020660 1 17
28 16
-499.538208 2 25 32
-512.783447 1 30
-282.744873 1 29
-293.027283 1 27
-541.564209 1 25
-491.179077 2 19 26
-589.306763 1 33
-599.620422 0
-265.117920 2 27 29
-503.441345 1 32
-251.937988 2 26 29
-498.084473 1 31
-515.160095 1 20
-508.685425 2 20 26
-498.618591 1 19
-505.510010 1 17
29 42
-524.404663 2 27 33
-404.528564 2 28 32
-443.594055 2 27 32
-461.168823 2 26 32
-467.585571 2 25 32
-538.391846 1 30
-440.554688 2 27 31
-443.550293 2 26 31
-466.962891 2 25 31
-239.349121 2 26 28
-595.608521 1 26
-509.499268 2 25 27
-375.291382 2 26 27
-434.367004 2 19 27
-602.581787 1 25
-535.261597 2 25 26
-451.647339 2 19 26
-417.385986 1 28
-467.441162 2 19 25
-396.118408 2 19 28
-705.940552 1 33
-415.251221 2 28 31
-734.261536 0
-732.272217 1 15
-582.337158 2 26 33
-406.885010 2 20 28
-511.027344 1 31
-466.303223 2 26 30
-508.558960 2 25 30
-442.195068 2 17 27
-452.127930 2 17 26
-475.527588 2 17 25
-417.008301 2 17 28
-546.038025 1 32
-527.059509 1 27
-463.449463 2 27 30
-521.045166 1 17
-457.433411 2 20 27
-498.041748 2 20 25
-471.601440 2 20 26
-530.432068 1 19
-557.919373 1 20
30 39
-704.497498 1 34
-639.163452 2 27 33
-351.070129 2 24 32
-402.225952 2 23 32
-231.169189 2 24 31
-215.893555 2 15 31
-513.204834 1 29
-510.671631 2 24 29
-461.349121 2 15 29
-656.626404 1 27
-597.248535 2 26 28
-575.691895 2 15 28
-681.731567 1 26
-625.025269 2 26 27
-691.927490 1 25
-390.882141 2 19 24
-259.072998 2 15 19
-564.248047 2 15 33
-577.331543 2 15 26
-447.025208 2 20 24
-453.140503 2 20 23
-283.605225 2 15 17
-189.780518 2 15 32
-665.969360 1 33
-653.595459 2 26 33
-413.402283 1 32
-280.738037 2 23 31
-622.237061 1 28
-281.358643 1 31
-328.775635 2 15 20
-707.213806 1 11
-705.774353 1 9
-707.739746 1 16
-323.485596 1 17
-709.074036 0
-254.288330 2 17 24
-461.818787 1 20
-415.542908 1 19
-582.371338 1 15
31 58
-432.398682 2 20 30
-460.213867 2 15 30
-327.650146 2 30 32
-321.950500 2 24 32
-366.822083 2 19 32
-470.465088 1 30
-886.937439 1 34
-292.336182 2 24 30
-599.166992 2 24 29
-674.352051 2 23 29
-838.866638 1 27
-755.944336 2 26 28
-865.693970 1 26
-797.298706 2 26 27
-815.463623 2 15 27
-876.677490 1 25
-760.096069 2 24 26
-796.645264 1 28
-374.205872 2 19 24
-796.201660 2 15 33
-393.830811 2 19 30
-294.294678 2 17 32
-820.043457 2 15 26
-774.404724 1 24
-514.219116 2 20 23
-814.078125 2 15 23
-875.102661 1 23
-449.746521 1 19
-889.337585 1 11
-888.173279 1 9
-894.300720 1 8
-779.364746 2 28 33
-835.722778 1 33
-673.635254 2 29 33
-359.004639 2 15 32
-898.180969 0
-801.536499 2 27 33
-731.629761 2 24 33
-818.418701 2 26 33
-380.361267 1 32
-728.409912 2 24 28
-752.479309 2 24 27
-442.026367 2 23 30
-395.166260 2 17 24
-358.152100 2 17 19
-821.772705 2 23 33
-674.947021 1 29
-833.625854 2 23 27
-851.521240 2 23 26
-403.829590 2 17 30
-445.852905 2 19 23
-538.203552 1 20
-457.497864 2 20 24
-396.944092 2 17 20
-826.691650 1 15
-707.532471 2 15 24
-897.696289 1 16
-405.566650 1 17
32 51
-363.105957 2 20 30
-680.644165 1 34
-274.962067 2 15 30
-563.276062 3 26 28 33
-621.822754 2 14 33
-514.877136 1 29
-392.237152 2 23 30
-507.152985 2 15 29
-648.600708 1 27
-569.184387 2 26 28
-669.882080 2 8 26
-673.585999 1 26
-610.704346 2 26 27
-635.723633 2 15 27
-701.374695 1 25
-664.774658 2 9 26
-606.921570 1 28
-389.524658 2 20 23
-306.184570 2 15 19
-686.226562 2 8 14
-663.016357 2 26 34
-407.427887 1 30
-611.720520 2 15 33
-695.431519 1 35
-590.592529 2 27 33
-401.612640 2 30 33
-490.739105 2 29 33
-703.100159 0
-379.699219 2 15 20
-564.957336 2 28 33
-626.840393 1 33
-608.214050 2 26 33
-580.765625 3 26 27 33
-372.331299 2 20 33
-303.179443 2 19 33
-185.280441 1 31
-329.661621 2 24 30
-665.721436 2 11 26
-691.829224 1 24
-363.410980 2 17 33
-683.746704 1 9
-361.902832 2 17 20
-687.161255 1 8
-392.002075 1 20
-322.776489 1 19
-684.504517 1 11
-649.893860 2 15 26
-667.552917 1 15
-652.951172 2 15 24
-323.877838 2 15 17
-375.394684 1 17
33 68
-173.044678 2 8 30
-154.686340 2 14 32
-291.974701 1 30
-153.914978 2 9 32
-145.812683 2 8 32
-149.255066 2 11 32
-160.003418 2 8 31
-165.893066 2 11 31
-306.758392 1 29
-174.137451 2 9 31
-208.637451 2 14 30
-196.638672 2 31 35
-223.851562 2 14 29
-334.202942 1 27
-322.737946 2 26 28
-181.317139 2 8 29
-178.257324 2 11 30
-332.427765 1 26
-324.765717 1 28
-195.399963 2 14 19
-172.202576 2 11 19
-181.400330 2 9 19
-169.576111 2 8 19
-148.634827 2 11 14
-147.062195 2 9 14
-139.879944 2 8 14
-179.276978 2 10 11
-181.222107 2 8 11
-181.622681 2 9 10
-211.500732 2 30 35
-179.885925 2 32 35
-218.342957 2 6 35
-219.469727 2 29 35
-211.366943 2 17 35
-225.101624 1 35
-209.448914 2 19 35
-169.791687 2 14 35
-125.973083 2 32 34
-147.854431 2 19 34
-210.083435 2 20 35
-335.079376 0
-185.913330 2 9 30
-124.211487 2 14 34
-258.819641 1 32
-180.895447 2 9 20
-140.392334 2 31 34
-153.538879 2 34 36
-152.796875 2 17 34
-153.802063 1 34
-179.007812 2 11 17
-171.546875 2 14 31
-187.622375 1 9
-272.621185 1 31
-147.647400 2 20 34
-324.635559 1 36
-171.548279 2 11 20
-295.673645 1 20
-181.350403 1 8
-243.229187 1 14
-170.258728 2 8 20
-191.670959 2 14 20
-297.488586 1 19
-212.046631 2 14 17
-298.002045 1 17
-170.870361 2 8 17
-182.728821 1 11
-217.779480 2 35 36
-178.965759 2 8 36
34 34
-135.183960 2 9 11
-232.921143 2 33 35
-475.450195 2 14 36
-477.762451 2 14 31
-136.784790 2 11 35
-141.044800 2 9 35
-134.038940 2 8 35
-485.435059 1 14
-286.471558 1 35
-516.702332 1 30
-340.002045 1 33
-246.464478 2 6 35
-138.780518 2 11 33
-521.279358 0
-156.068115 2 9 33
-137.900635 2 8 33
-498.822876 1 32
-142.189209 2 10 11
-119.478394 2 8 11
-151.283936 2 9 10
-119.417847 2 8 9
-139.321533 2 7 8
-510.035553 1 31
-520.218933 1 17
-148.211548 1 11
-145.281860 1 8
-170.874146 1 9
-456.415771 2 14 32
-513.355103 1 20
-515.653442 1 19
-473.793457 2 14 20
-479.715332 2 14 19
-508.256958 1 36
-337.160522 2 33 36
35 88
-308.820679 2 6 34
-621.026123 2 5 34
-639.160400 2 0 34
-778.042542 1 33
-653.212524 1 34
-386.852173 2 6 11
-700.352539 2 1 11
-688.143799 2 0 11
-702.124512 2 0 9
-669.045654 2 5 8
-674.677734 2 3 8
-869.517334 2 14 32
-625.998779 2 3 34
-880.351196 1 32
-718.546997 1 9
-700.628052 1 8
-596.338501 1 6
-848.794983 1 5
-856.629272 1 2
-807.061707 2 3 5
-703.248657 1 11
-627.816650 2 4 34
-473.543701 2 6 33
-743.834167 2 5 33
-738.851562 2 4 33
-757.495544 2 2 33
-762.503662 2 1 33
-646.056885 2 2 34
-652.220825 2 1 34
-690.851929 2 2 11
-888.020569 0
-875.333496 1 14
-623.174072 3 0 3 34
-686.727783 2 0 8
-782.017090 2 0 36
-732.555237 3 0 3 33
-671.842773 2 5 11
-675.584534 2 4 11
-404.755493 2 6 9
-687.491455 2 5 9
-388.626343 2 6 8
-853.489136 2 0 2
-845.740723 2 1 5
-759.197937 2 0 33
-746.447937 2 3 33
-714.787903 3 3 5 33
-862.464355 2 0 14
-861.657898 1 1
-839.708984 1 4
-690.429077 2 4 9
-672.177795 2 4 8
-838.268311 2 4 5
-837.466736 2 3 4
-790.669067 1 36
-672.243652 3 0 3 11
-715.001099 2 1 9
-838.773071 2 2 5
-697.667969 2 14 36
-851.047729 2 3 14
-676.143555 2 3 11
-692.888428 2 3 9
-704.637573 2 2 9
-851.156799 1 3
-649.660889 3 3 5 8
-689.580505 2 2 8
-695.498169 2 1 8
-670.161621 3 3 5 9
-687.327637 3 0 3 9
-602.943359 3 3 5 34
-823.977234 2 0 3
-858.145752 2 0 1
-669.318604 3 0 3 8
-653.853516 3 3 5 11
-863.206116 1 0
-675.068237 3 14 33 36
-683.813354 2 33 36
-679.566406 3 5 33 36
-584.293579 2 6 36
-643.594482 2 11 36
-644.910767 2 8 36
-658.326050 2 9 36
-757.391602 3 3 5 36
-772.222656 2 3 36
-772.336182 2 4 36
-768.958008 2 5 36
-786.694275 2 2 36
-790.594177 2 1 36
-601.469971 2 34 36
36 19
-1051.175049 2 33 34
-564.127075 2 14 35
-676.726562 2 6 14
-1060.384399 1 13
-731.807129 2 14 34
-736.676514 2 11 14
-739.862305 2 8 14
-1053.944336 2 8 33
-1064.460449 0
-1059.998169 1 9
-1054.016724 1 33
-1056.329224 1 8
-1016.508911 1 6
-1064.186157 1 5
-741.791992 1 14
-1057.023315 1 11
-967.109253 1 35
-1051.438110 1 34
-959.786865 2 33 35
