37
0 2
-7.619330 1 9
-7.902744 0
1 1
-37.774635 0
2 1
-15.776798 0
3 3
-26.047773 1 9
-27.699703 1 33
-27.821754 0
4 3
-48.935860 0
-35.743610 1 7
-30.472317 1 5
5 3
-69.017830 0
-40.885162 1 7
-50.554291 1 4
6 6
-40.941288 0
-36.598770 1 31
-40.423504 1 15
-38.854076 1 13
-39.238384 1 12
-22.653940 1 7
7 13
-84.216957 0
-55.711769 2 4 6
-71.298431 1 31
-71.024712 1 4
-56.084286 1 5
-72.195221 1 33
-74.434196 1 15
-74.659386 1 13
-72.144951 1 12
-72.482178 1 10
-67.947815 1 8
-65.929611 1 6
-45.951988 2 5 6
8 7
-75.421303 0
-59.152161 1 7
-49.933693 1 33
-49.940247 1 15
-55.902985 1 13
-46.664764 1 12
-42.493050 1 10
9 3
-30.179539 0
-28.405558 1 3
-29.896126 1 0
10 7
-65.410316 1 8
-98.338570 0
-86.603790 1 7
-74.525887 1 33
-70.297485 1 13
-57.138367 1 12
-53.446045 1 15
11 4
-11.675119 1 35
-11.911783 1 21
-9.609199 1 20
-12.106510 0
12 8
-71.209175 0
-42.452633 1 8
-59.137165 1 7
-69.506271 1 6
-52.439999 1 33
-27.105244 1 13
-37.523640 1 15
-30.008968 1 10
13 8
-70.011818 0
-50.493496 1 8
-60.454243 1 7
-67.924606 1 6
-54.463070 1 33
-25.907887 1 12
-46.371326 1 15
-41.970730 1 10
14 1
-36.954105 0
15 9
-83.089088 0
-73.306328 1 7
-80.163025 1 29
-82.571304 1 6
-68.392151 1 33
-49.403553 1 12
-38.196560 1 10
-57.608028 1 8
-59.448597 1 13
16 2
-19.097019 0
-18.828600 1 17
17 4
-114.277168 0
-96.043739 1 28
-110.571274 1 18
-114.008743 1 16
18 7
-27.666508 0
-19.856699 1 35
-22.816904 1 32
-24.758802 1 27
-21.792612 1 21
-18.425180 1 19
-23.960619 1 17
19 6
-25.409168 1 35
-55.606575 0
-47.914330 1 27
-22.153797 1 32
-46.365250 1 18
-31.612232 1 21
20 4
-34.810886 0
-20.129313 1 35
-32.313576 1 11
-15.482706 1 21
21 12
-39.874866 1 35
-76.013802 0
-68.463921 1 27
-43.058723 2 20 32
-57.246265 1 32
-56.420258 2 20 27
-70.139908 1 18
-75.819077 1 11
-50.162136 2 18 20
-52.019459 1 19
-56.685623 1 20
-37.988533 2 19 20
22 9
-60.628452 0
-55.970394 1 28
-55.481125 1 27
-36.318768 1 36
-50.082134 1 26
-48.025742 2 25 27
-51.956161 1 25
-48.806274 2 25 26
-36.173992 1 24
23 6
-7.107184 1 34
-14.118082 1 36
-14.545942 1 25
-12.452951 1 24
-18.070169 1 26
-19.097019 0
24 10
-87.258949 0
-82.739822 1 34
-20.261005 1 36
-84.391991 1 26
-52.746513 1 25
-50.272892 2 22 25
-80.614883 1 23
-62.804474 1 22
-60.005032 2 22 23
-62.132107 2 22 34
25 7
-88.462166 0
-86.066086 1 34
-60.153126 1 36
-53.949726 1 24
-83.911087 1 23
-79.704987 2 22 23
-79.789856 1 22
26 7
-77.471870 0
-66.985756 1 28
-47.995022 1 27
-74.024498 1 36
-74.604912 1 24
-76.445023 1 23
-66.925537 1 22
27 15
-100.697884 0
-98.014336 1 35
-95.130806 2 22 32
-89.214211 1 28
-95.540779 2 22 35
-95.300987 1 32
-71.221031 1 26
-97.790176 1 18
-67.313667 2 19 26
-95.550537 1 22
-92.149940 2 19 22
-91.952690 2 21 22
-93.148003 1 21
-95.080627 2 18 22
-93.005608 1 19
28 6
-106.701271 0
-84.614151 2 17 27
-95.217583 1 27
-88.467834 1 17
-96.215141 1 26
-102.043182 1 22
29 2
-55.115643 0
-52.189575 1 15
30 2
-27.666508 0
-9.921915 1 32
31 3
-120.461494 0
-107.542969 1 7
-116.118980 1 6
32 10
-47.192219 1 35
-74.989510 0
-57.244919 1 30
-69.592613 1 27
-31.434244 2 19 30
-70.139908 1 18
-56.221973 1 21
-41.536732 1 19
-38.788918 2 30 35
-48.666939 2 21 30
33 8
-99.624672 0
-99.502625 1 3
-84.075928 1 13
-80.855499 1 12
-84.927734 1 15
-75.811989 1 10
-74.137062 1 8
-87.602936 1 7
34 5
-22.154118 0
-19.253244 1 36
-19.758039 1 25
-17.634989 1 24
-10.164283 1 23
35 11
-82.782265 0
-80.098717 1 27
-46.244392 2 20 32
-54.984974 1 32
-82.350876 1 11
-45.109444 2 19 20
-46.643330 1 21
-64.963226 2 18 20
-68.100693 1 20
-52.584827 1 19
-74.972458 1 18
36 9
-93.017342 0
-90.116470 1 34
-89.569969 1 26
-64.708305 1 25
-26.019398 1 24
-62.025848 2 22 25
-88.038406 1 23
-68.707642 1 22
-67.236481 2 22 23

3
30 20
27 11
32 9