8
0 64
-85.45079674 1 6
-85.71637497 0
-86.03791770 1 5
-86.07617309 2 1 6
-86.13744873 1 3
-86.61816779 1 1
-86.70460073 2 3 5
-86.70460073 2 1 5
-86.70460073 2 1 3
-86.75094841 3 1 3 5
-86.92566248 2 5 6
-86.93414884 2 3 6
-87.69250600 3 3 5 6
-87.69250600 3 1 5 6
-87.69250600 3 1 3 6
-87.81348933 1 7
-87.90268161 1 4
-88.22579700 1 2
-88.40521503 2 6 7
-88.76179929 2 4 6
-88.97811328 2 2 6
-89.00419889 2 5 7
-89.12446211 2 3 7
-89.36067989 2 4 5
-89.46842215 2 3 4
-89.49730240 2 2 5
-89.61226898 2 2 3
-89.85124410 2 1 7
-89.97709048 2 1 4
-90.18725566 2 1 2
-90.35503283 3 1 6 7
-90.71463906 3 1 4 6
-90.88783082 3 1 2 6
-91.00908596 3 3 5 7
-91.00908596 3 1 5 7
-91.00908596 3 1 3 7
-91.20522139 3 5 6 7
-91.21165782 3 3 6 7
-91.35536074 3 1 4 5
-91.35536074 3 3 4 5
-91.35536074 3 1 3 4
-91.48047454 3 2 3 5
-91.48047454 3 1 2 5
-91.48047454 3 1 2 3
-91.57634874 3 4 5 6
-91.58531865 3 3 4 6
-91.76739735 3 2 5 6
-91.77501790 3 2 3 6
-92.69762610 2 4 7
-93.08236501 2 2 4
-93.51002952 2 2 7
-95.83475327 3 4 6 7
-96.35179791 3 2 4 6
-96.45202869 3 4 5 7
-96.52436320 3 1 4 7
-96.57302555 3 2 6 7
-96.57727539 3 3 4 7
-96.84966461 3 2 4 5
-96.93380207 3 1 2 4
-96.97690616 3 2 3 4
-97.10170012 3 2 5 7
-97.21964026 3 2 3 7
-97.34709390 3 1 2 7
-100.84598699 3 2 4 7
1 64
-3.81407543 2 3 5
-3.86042312 3 0 3 5
-4.60767801 3 3 5 6
-5.55849853 3 2 3 5
-5.62452552 3 3 5 7
-5.66808866 3 3 4 5
-26.12154511 2 3 6
-26.87990227 3 0 3 6
-28.41481248 1 5
-28.57719980 3 2 3 6
-29.08149551 2 0 5
-29.78477698 2 5 6
-30.15925353 3 3 6 7
-30.55162049 3 0 5 6
-30.62765158 3 3 4 6
-31.39443241 2 2 5
-31.46567379 1 6
-31.51217824 2 5 7
-31.75421191 2 4 5
-32.09105015 2 0 6
-33.37760455 3 0 2 5
-33.51706532 3 0 5 7
-33.74889276 3 0 4 5
-34.08606758 3 2 5 6
-34.23146537 2 2 6
-34.23361706 3 5 6 7
-34.46071960 3 4 5 6
-34.73736265 2 6 7
-34.79504084 2 4 6
-35.48483705 3 2 5 7
-36.00686614 3 4 5 7
-36.14118291 3 0 2 6
-36.68718044 3 0 6 7
-36.74788060 3 0 4 6
-36.88270401 3 2 4 5
-38.93782302 3 2 6 7
-39.65005300 3 2 4 6
-39.68089344 3 4 6 7
-45.39409817 0
-45.48489081 1 2
-46.25980511 1 3
-46.29589099 1 0
-46.44637787 1 7
-46.82695710 2 0 3
-47.04305139 2 2 3
-47.38805280 1 4
-47.44634946 2 0 2
-47.87779063 2 2 7
-48.18825685 2 3 7
-48.48413264 2 0 7
-48.91125695 3 0 2 3
-49.01340962 2 2 4
-49.41585019 2 3 4
-49.46246167 2 0 4
-49.80419928 2 4 7
-50.07288071 3 0 3 7
-51.06704652 3 2 3 7
-51.30278878 3 0 3 4
-51.71485501 3 0 2 7
-52.49048153 3 2 3 4
-52.86484668 3 0 2 4
-53.39131855 3 3 4 7
-53.57234825 3 2 4 7
-53.63093637 3 0 4 7
2 64
-638.79658716 2 4 5
-640.85044792 2 3 4
-643.92507926 3 1 4 5
-643.92507926 3 3 4 5
-643.92507926 3 1 3 4
-646.28557188 3 0 4 5
-648.16920315 3 4 5 6
-648.35893194 3 0 3 4
-649.61706175 2 4 6
-650.11914858 3 3 4 6
-651.29008839 3 4 5 7
-653.17457068 3 3 4 7
-654.47207392 3 1 4 6
-655.53725543 1 4
-657.16261225 2 1 4
-657.20706037 3 0 4 6
-658.01216626 2 5 7
-659.10603540 2 3 7
-660.54368793 2 4 7
-660.71693883 2 0 4
-661.98482507 3 3 5 7
-661.98482507 3 1 5 7
-661.98482507 3 1 3 7
-663.96482446 3 4 6 7
-664.11932384 3 0 1 4
-664.31183691 3 1 4 7
-666.10966749 3 0 5 7
-666.41823572 2 6 7
-667.20121355 3 0 3 7
-667.37238699 1 7
-667.47476288 3 5 6 7
-668.69204882 3 0 4 7
-668.76790340 3 3 6 7
-668.80379975 2 1 7
-670.61869609 3 1 6 7
-673.06892718 2 0 7
-674.58604623 3 0 6 7
-675.56751350 1 5
-676.29964955 3 0 1 7
-677.76388714 1 3
-678.54713342 2 1 5
-678.54713342 2 1 3
-678.54713342 2 3 5
-679.02689819 2 0 5
-680.26359836 2 5 6
-680.29155652 3 1 3 5
-681.23870739 2 0 3
-682.10923427 2 3 6
-683.32300723 3 0 3 5
-683.32300723 3 0 1 5
-683.32300723 3 0 1 3
-684.56488897 3 3 5 6
-684.56488897 3 1 5 6
-684.56488897 3 1 3 6
-685.10533323 3 0 5 6
-685.70328249 1 6
-686.95010333 3 0 3 6
-688.46907407 2 1 6
-689.23059903 2 0 6
-693.28073179 3 0 1 6
-696.80909945 0
-696.89989209 1 1
-699.31852148 1 0
-700.46897996 2 0 1
3 64
-3.81407543 2 1 5
-3.86042312 3 0 1 5
-4.60767801 3 1 5 6
-5.55849853 3 1 2 5
-5.62452552 3 1 5 7
-5.66808866 3 1 4 5
-28.41481248 1 5
-29.08149551 2 0 5
-29.78477698 2 5 6
-30.55162049 3 0 5 6
-31.39443241 2 2 5
-31.51217824 2 5 7
-31.75421191 2 4 5
-33.37760455 3 0 2 5
-33.51706532 3 0 5 7
-33.74889276 3 0 4 5
-34.08606758 3 2 5 6
-34.23361706 3 5 6 7
-34.46071960 3 4 5 6
-35.48483705 3 2 5 7
-36.00686614 3 4 5 7
-36.88270401 3 2 4 5
-81.31554552 3 1 2 6
-85.21973062 2 1 6
-85.73395085 3 1 6 7
-86.83606353 3 0 1 6
-86.96981108 2 2 6
-89.76671570 3 0 2 6
-90.31205997 2 6 7
-90.37995733 3 1 4 6
-90.56385931 1 6
-92.04721141 2 0 6
-92.66172766 3 2 6 7
-93.11850276 3 0 6 7
-94.54734659 2 4 6
-94.63348842 3 4 6 7
-95.04943342 3 2 4 6
-97.37086595 3 0 4 6
-226.15008798 3 2 4 7
-229.43963450 2 2 7
-232.62889039 3 1 2 7
-233.14924524 3 0 2 7
-233.51920523 2 4 7
-235.67973164 1 2
-237.06620362 2 0 2
-237.10632450 3 1 4 7
-237.23789223 2 1 2
-237.39885452 3 0 4 7
-237.70598610 1 7
-238.53111111 3 0 1 2
-239.01695887 2 0 7
-239.44786508 2 1 7
-240.60570694 3 0 1 7
-242.17926093 2 2 4
-245.65633284 3 1 2 4
-246.07380208 3 0 2 4
-254.72494396 0
-255.14601772 1 0
-255.59065090 1 1
-255.67708383 2 0 1
-256.86606844 1 4
-258.43180898 2 0 4
-258.89386583 2 1 4
-260.27213609 3 0 1 4
4 64
-431.51142175 3 2 5 7
-431.59366111 3 2 3 7
-434.88320763 2 2 7
-437.52512582 2 3 7
-438.23349962 2 5 7
-438.41337994 3 2 6 7
-440.57776525 3 1 2 7
-440.86679119 2 6 7
-441.71190669 1 7
-442.21916510 3 0 2 7
-442.72818752 3 3 5 7
-442.72818752 3 1 5 7
-442.72818752 3 1 3 7
-444.97793911 3 0 3 7
-445.06972810 2 1 7
-445.18821964 3 3 6 7
-445.68132943 3 0 5 7
-445.81032198 3 1 6 7
-445.92118085 3 5 6 7
-446.59604346 2 0 7
-448.29632943 3 0 6 7
-451.74284720 3 0 1 7
-649.92668922 1 2
-653.45520803 2 1 2
-654.78325722 2 0 2
-656.38537703 2 2 5
-656.42621850 2 2 3
-657.37828436 2 2 6
-660.20175445 3 0 1 2
-661.87364864 3 2 3 5
-661.87364864 3 1 2 5
-661.87364864 3 1 2 3
-662.79687200 3 1 2 6
-663.73773925 3 0 2 5
-663.79085568 3 0 2 3
-664.75196899 3 0 2 6
-665.18376103 3 2 5 6
-665.45790669 3 2 3 6
-691.19853323 0
-693.15630337 1 5
-693.19248787 1 1
-693.33965772 1 3
-693.38483988 1 0
-693.46450510 1 6
-696.47906556 2 0 5
-696.49570280 2 3 5
-696.49570280 2 1 3
-696.49570280 2 1 5
-696.55141056 2 0 1
-696.67063113 2 0 3
-696.77550765 2 0 6
-696.79387214 2 1 6
-697.27815623 2 5 6
-697.44799238 2 3 6
-698.34971603 3 1 3 5
-701.14646281 3 0 3 5
-701.14646281 3 0 1 5
-701.14646281 3 0 1 3
-701.43233811 3 0 1 6
-701.92884249 3 0 5 6
-701.95409885 3 1 3 6
-701.95409885 3 3 5 6
-701.95409885 3 1 5 6
-702.09916220 3 0 3 6
5 64
-3.81407543 2 1 3
-3.86042312 3 0 1 3
-4.60767801 3 1 3 6
-5.55849853 3 1 2 3
-5.62452552 3 1 3 7
-5.66808866 3 1 3 4
-26.12154511 2 3 6
-26.87990227 3 0 3 6
-28.57719980 3 2 3 6
-30.15925353 3 3 6 7
-30.62765158 3 3 4 6
-46.25980511 1 3
-46.82695710 2 0 3
-47.04305139 2 2 3
-48.18825685 2 3 7
-48.91125695 3 0 2 3
-49.41585019 2 3 4
-50.07288071 3 0 3 7
-51.06704652 3 2 3 7
-51.30278878 3 0 3 4
-52.49048153 3 2 3 4
-53.39131855 3 3 4 7
-81.31554552 3 1 2 6
-81.46094330 2 2 6
-84.25022738 3 0 2 6
-85.21973062 2 1 6
-85.73395085 3 1 6 7
-86.23769643 2 6 7
-86.83606353 3 0 1 6
-86.90062744 1 6
-87.29422359 3 2 6 7
-88.37549318 2 0 6
-89.03770280 3 0 6 7
-89.26641997 3 2 4 6
-90.37995733 3 1 4 6
-90.71427857 2 4 6
-91.29208610 3 4 6 7
-93.52882802 3 0 4 6
-232.62889039 3 1 2 7
-237.10632450 3 1 4 7
-237.23789223 2 1 2
-238.53111111 3 0 1 2
-239.44786508 2 1 7
-240.60570694 3 0 1 7
-241.65005810 3 2 4 7
-245.02184397 2 2 7
-245.65633284 3 1 2 4
-248.61351457 3 0 2 7
-250.90365764 2 4 7
-251.32835063 1 2
-252.59985602 2 0 2
-254.38206470 1 7
-254.65806022 3 0 4 7
-255.57277426 2 0 7
-255.59065090 1 1
-255.67708383 2 0 1
-257.78703844 2 2 4
-258.89386583 2 1 4
-260.27213609 3 0 1 4
-261.55433805 3 0 2 4
-272.56993658 0
-272.89147931 1 0
-274.52770672 1 4
-275.98570500 2 0 4
6 64
-172.80829333 1 5
-173.69603811 2 0 5
-174.17825783 2 3 5
-174.17825783 2 1 5
-174.17825783 2 1 3
-174.97186041 3 1 3 5
-175.16616310 3 0 3 5
-175.16616310 3 0 1 5
-175.16616310 3 0 1 3
-176.53831043 2 5 7
-176.93014619 2 4 5
-177.50437819 2 2 5
-178.73933293 3 0 5 7
-179.14581505 3 0 4 5
-179.25974925 3 3 5 7
-179.25974925 3 1 5 7
-179.25974925 3 1 3 7
-179.63665387 3 1 4 5
-179.63665387 3 1 3 4
-179.63665387 3 3 4 5
-179.77447315 3 0 2 5
-180.19601337 3 2 3 5
-180.19601337 3 1 2 5
-180.19601337 3 1 2 3
-184.22599165 3 4 5 7
-186.00090704 3 2 5 7
-186.30276219 3 2 4 5
-194.31651783 1 3
-195.11321793 2 0 3
-197.28875257 2 3 7
-198.42485249 2 3 4
-198.66186496 2 2 3
-199.37594828 3 0 3 7
-200.54174899 3 0 3 4
-200.82461387 3 0 2 3
-204.95184639 3 3 4 7
-206.95062057 3 2 3 7
-207.69355315 3 2 3 4
-332.97366347 2 1 7
-333.47745220 3 0 1 7
-333.71425736 3 1 4 7
-334.78855981 3 1 2 7
-336.11836008 2 1 2
-336.81893523 3 0 1 2
-343.72852742 2 2 7
-343.83756320 2 4 7
-344.00718340 2 0 1
-344.54917810 1 1
-344.68267869 1 7
-345.27440439 2 0 7
-345.46002404 3 1 2 4
-346.79152345 3 0 2 7
-346.97469036 3 0 4 7
-347.25869973 3 2 4 7
-347.37178552 1 2
-348.12410179 2 0 2
-348.15056237 2 1 4
-348.88811095 3 0 1 4
-354.82338066 2 2 4
-358.09281356 3 0 2 4
-358.21202424 1 0
-358.47760248 0
-360.74357434 1 4
-361.60269202 2 0 4
7 64
-415.50190918 2 4 5
-415.77909505 2 3 4
-419.75456340 3 1 4 5
-419.75456340 3 3 4 5
-419.75456340 3 1 3 4
-422.21994712 2 4 6
-422.30608895 3 3 4 6
-422.59325798 3 0 4 5
-422.79775464 3 4 5 6
-422.88794829 3 0 3 4
-427.10579972 3 1 4 6
-427.99541041 3 2 4 5
-428.10321781 3 2 3 4
-429.29290109 3 0 4 6
-436.56770983 3 2 4 6
-439.12595826 1 4
-441.54210474 2 1 4
-443.92090275 2 0 4
-444.13239076 2 2 4
-448.08937746 3 0 1 4
-448.69132939 3 1 2 4
-451.89601274 3 0 2 4
-652.86936569 2 2 5
-652.93577521 2 2 3
-655.53261425 2 2 6
-656.95977033 3 2 3 5
-656.95977033 3 1 2 5
-656.95977033 3 1 2 3
-659.17587235 1 2
-660.23897190 3 1 2 6
-660.47376342 3 0 2 5
-660.54314648 3 0 2 3
-661.22453082 3 2 3 6
-661.36589454 3 2 5 6
-661.56877217 2 1 2
-663.12752652 3 0 2 6
-664.46010487 2 0 2
-668.72861041 3 0 1 2
-670.42471293 1 5
-671.59362694 1 3
-673.39099411 2 0 5
-673.52207869 2 3 5
-673.52207869 2 1 5
-673.52207869 2 1 3
-674.15473002 2 5 6
-674.56586169 2 3 6
-674.58064032 2 0 3
-674.81766102 1 6
-675.33252877 3 1 3 5
-677.77207932 2 0 6
-677.82656392 3 0 3 5
-677.82656392 3 0 1 5
-677.82656392 3 0 1 3
-678.08934988 2 1 6
-678.43428893 3 0 5 6
-678.60357011 3 3 5 6
-678.60357011 3 1 5 6
-678.60357011 3 1 3 6
-678.84337067 3 0 3 6
-682.36820961 3 0 1 6
-688.61258481 0
-689.66486451 1 1
-690.70969917 1 0
-692.89794082 2 0 1

3
3 5
2 4
2 3