56
0 3
-657.51620966 1 4
-657.51620966 1 3
-702.80632486 0
1 3
-601.94291311 1 4
-601.94291311 1 3
-627.35829619 0
2 3
-594.93373751 1 4
-594.93373751 1 3
-625.53455016 0
3 7
-9.32846586 1 4
-595.83273951 1 0
-610.52204205 1 2
-615.70747162 1 1
-627.85925834 2 11 12
-635.85125889 1 12
-641.12285470 0
4 7
-9.32846586 1 3
-595.83273951 1 0
-610.52204205 1 2
-615.70747162 1 1
-627.85925834 2 11 12
-635.85125889 1 12
-641.12285470 0
5 2
-638.80585595 1 7
-660.22176917 0
6 2
-668.29929268 1 7
-671.25174880 0
7 4
-508.36795071 1 8
-654.58931707 1 5
-673.05277416 1 6
-676.00523029 0
8 2
-517.28076253 1 7
-684.91804210 0
9 3
-370.85600605 1 11
-448.96850532 1 12
-491.74743225 0
10 3
-473.25389516 1 11
-494.68353613 1 12
-496.69008720 0
11 8
-317.10063991 2 9 12
-353.96927622 2 4 12
-353.96927622 2 3 12
-361.96127678 1 12
-371.50447464 2 9 10
-394.64943026 1 9
-492.10466441 1 10
-515.54085646 0
12 8
-344.71826792 2 4 11
-344.71826792 2 3 11
-377.50474092 1 11
-488.30539367 1 9
-525.81272479 1 4
-525.81272479 1 3
-529.07776953 1 10
-531.08432060 0
13 9
-314.18323910 1 14
-454.21418689 2 19 24
-456.30138319 1 19
-458.26143865 2 16 24
-465.32097691 1 16
-487.39484759 1 24
-522.67842282 1 43
-543.13195592 1 18
-555.22392956 0
14 19
-209.88477665 3 13 16 24
-211.21893733 2 13 19
-211.61630763 2 13 16
-214.56472635 2 13 24
-256.08917256 1 13
-271.60098555 2 19 24
-279.91231063 2 16 24
-291.24285382 2 16 19
-327.74592053 2 15 19
-333.80059095 1 19
-344.41092615 2 16 43
-345.90216987 1 16
-360.67073773 2 18 24
-363.81416862 1 24
-429.99518173 2 42 43
-452.02236060 2 41 43
-452.67271728 1 43
-472.47534915 1 18
-497.12986303 0
15 4
-671.57018376 2 14 19
-674.63159872 1 16
-677.62485418 1 19
-699.37233498 0
16 14
-366.80508775 2 14 15
-376.73581581 2 14 18
-396.25834941 1 14
-428.32080399 2 18 19
-436.72324097 2 13 18
-440.31162621 1 19
-440.40946271 2 13 15
-457.58308992 1 13
-467.69795072 2 18 24
-474.37539932 1 18
-508.29773975 1 24
-522.74530631 1 15
-538.42874056 1 43
-547.48604257 0
17 2
-488.76571515 1 18
-523.82786815 0
18 9
-441.73309217 2 16 17
-468.43795642 1 16
-502.24642090 2 14 17
-502.67630297 2 17 19
-506.48644668 1 17
-516.89408580 1 14
-517.26295673 1 19
-529.45662603 1 13
-541.54859967 0
19 11
-340.98126760 2 14 15
-390.15076164 1 14
-442.79405811 2 13 15
-446.30561736 1 16
-454.55748734 1 13
-503.65616891 2 15 24
-509.76227109 1 24
-529.19439077 1 18
-531.73255290 1 15
-535.18910370 1 43
-553.48003371 0
20 5
-6.85485327 1 21
-396.96100671 2 29 30
-477.98042737 1 30
-527.74084374 1 23
-537.91295085 0
21 5
-6.85485327 1 20
-396.96100671 2 29 30
-477.98042737 1 30
-527.74084374 1 23
-537.91295085 0
22 3
-574.18776975 1 23
-671.76691841 1 35
-674.84633929 0
23 6
-455.18526689 1 22
-468.61172876 2 34 35
-508.11211860 1 35
-545.67172932 1 21
-545.67172932 1 20
-555.84383643 0
24 14
-139.77121288 3 14 42 43
-171.28836614 2 42 43
-173.23537885 3 14 41 43
-204.44204613 2 14 43
-218.57041390 2 41 43
-261.80166028 2 16 43
-262.21721890 2 13 43
-270.43425134 2 19 43
-273.48960485 1 43
-388.93108600 1 14
-454.41769844 1 13
-478.52901779 1 19
-483.05847759 1 16
-522.24678041 0
25 1
-869.26755441 0
26 52
-26.50753010 3 31 36 40
-26.70325071 3 27 31 40
-26.76841059 3 27 36 40
-27.02865097 2 31 40
-27.15853289 2 36 40
-28.32044707 2 27 40
-30.22986483 1 40
-119.58976859 2 31 36
-363.16054885 3 27 31 53
-381.70860219 3 27 31 54
-404.22901522 3 27 31 48
-405.06750195 2 27 31
-410.24398004 3 27 36 49
-413.73665854 3 27 36 54
-418.30738185 3 27 36 47
-425.29667924 3 27 36 46
-427.52947743 3 27 36 48
-427.78387417 2 27 36
-432.14669978 2 31 53
-449.70367333 2 31 54
-471.47362168 2 31 48
-472.37090163 1 31
-484.35003771 2 36 49
-491.89544659 2 36 53
-500.48218106 2 36 48
-502.82080874 2 36 47
-504.97711139 2 36 54
-512.34600333 2 36 55
-516.53949957 2 36 46
-520.14854015 1 36
-903.43949868 2 27 53
-910.28157266 2 27 48
-925.41725292 2 27 49
-941.06763741 2 27 54
-941.98367847 2 27 47
-942.53706141 2 27 55
-949.49381062 2 27 46
-961.63126791 2 27 44
-970.74664187 2 27 52
-976.03933741 1 27
-1058.22749439 1 55
-1111.71601689 1 53
-1127.13559606 1 49
-1130.79310280 1 48
-1132.74974300 1 50
-1160.68327890 1 47
-1162.02187318 1 46
-1162.70469868 1 44
-1167.16058628 1 54
-1167.28160718 1 52
-1190.68419674 1 45
-1205.34018014 0
27 31
-7.64899998 2 31 36
-7.65729709 3 26 31 40
-7.66382968 3 26 36 40
-7.82030956 2 26 40
-7.98269735 2 31 40
-7.98269735 2 26 31
-8.05395197 2 36 40
-8.05395197 2 26 36
-9.72972733 1 26
-9.72972733 1 40
-58.72552730 2 31 52
-71.91643864 2 31 44
-75.28609703 1 31
-78.93759260 2 36 55
-85.26967092 3 36 49 53
-87.99598612 2 36 53
-93.78157712 2 36 49
-99.81543180 2 36 41
-100.20424835 2 36 48
-100.41861794 1 36
-153.26750633 1 55
-169.90208364 1 50
-222.45211018 1 49
-225.39697783 1 52
-225.53789645 1 45
-230.26866124 1 41
-230.73254740 1 29
-231.73733456 1 42
-234.66176161 1 46
-235.78655445 1 53
-239.03057006 0
28 3
-434.57488807 1 29
-536.01926514 1 30
-564.01102635 0
29 10
-322.40682638 3 21 28 30
-322.40682638 3 20 28 30
-325.46517997 2 21 30
-325.46517997 2 20 30
-349.17635981 2 28 30
-401.88322844 2 27 28
-406.48460064 1 30
-407.99377042 1 28
-529.13188604 1 27
-537.42990870 0
30 9
-267.90353536 2 21 29
-267.90353536 2 20 29
-423.86569653 1 29
-463.16091075 2 21 28
-463.16091075 2 20 28
-494.87848112 1 21
-494.87848112 1 20
-526.81924338 1 28
-554.81100459 0
31 49
-19.77471207 3 26 36 40
-19.87266047 3 26 27 40
-20.03567294 2 26 40
-20.06824033 3 26 27 36
-20.06824033 3 27 36 40
-20.42571485 2 26 36
-20.42571485 2 36 40
-21.48985683 2 27 40
-21.48985683 2 26 27
-23.23688681 1 40
-23.23688681 1 26
-303.88297712 3 27 36 54
-305.24434176 3 27 36 49
-307.35712489 3 27 36 46
-318.14967222 3 27 36 48
-324.63108759 3 27 36 47
-328.21486844 2 27 36
-381.23893892 2 36 49
-392.44690821 2 36 53
-393.02800177 2 36 48
-396.28635911 2 36 54
-400.49280647 2 36 46
-408.37464112 2 36 55
-410.33317601 2 36 47
-414.93713875 2 36 52
-420.98448641 1 36
-514.48899206 2 27 44
-531.89457110 2 27 46
-544.73985772 2 27 49
-550.61107585 2 27 52
-552.90493916 2 27 55
-554.94643181 2 27 47
-570.90381688 2 27 45
-576.84131725 2 27 48
-588.09583298 2 27 50
-592.46169230 1 27
-613.62153454 1 55
-662.75864084 2 46 49
-678.83417243 1 46
-681.22538215 1 50
-681.87689494 2 47 49
-683.04659068 1 49
-685.38670735 1 44
-709.04826276 1 45
-712.67515568 1 47
-717.28252638 1 52
-731.01207213 1 48
-749.61080371 1 53
-756.20616532 0
32 2
-565.76353261 1 34
-571.03489681 0
33 3
-500.17748917 1 34
-530.41561421 1 35
-541.06525613 0
34 5
-353.09761952 2 23 35
-392.59800935 1 35
-514.53896663 1 33
-550.15536939 1 32
-555.42673359 0
35 7
-283.12442446 2 23 34
-382.12140759 1 34
-497.21841399 1 23
-534.30048990 1 33
-541.87071094 1 22
-544.22016212 1 41
-544.95013183 0
36 37
-17.75610606 3 26 31 40
-17.86058705 3 26 27 40
-17.99100703 3 26 27 31
-17.99100703 3 27 31 40
-18.01706694 2 26 40
-18.27722693 2 26 31
-18.27722693 2 31 40
-19.41262352 2 27 40
-19.41262352 2 26 27
-21.08839888 1 26
-21.08839888 1 40
-254.13549776 3 27 31 53
-267.97049542 3 27 31 54
-287.70217625 3 27 31 48
-303.42126291 2 27 31
-325.69138261 2 31 53
-337.07302825 2 31 54
-356.83599599 2 31 48
-371.05835997 1 31
-535.06470979 2 27 53
-546.39382129 2 27 48
-558.19798829 2 27 55
-560.67793972 2 27 44
-561.30483803 2 27 49
-562.45975642 2 27 54
-562.97656235 2 27 50
-567.66808676 1 27
-627.86503964 1 50
-632.52790201 1 55
-682.85527812 1 53
-687.74393652 1 44
-689.97537109 1 49
-694.82006636 1 48
-695.91315305 1 46
-698.62712365 1 54
-701.08259368 1 52
-706.28003888 0
37 2
-570.66953777 1 39
-600.52779937 0
38 2
-575.47692638 1 39
-655.43973273 0
39 5
-602.70266026 2 37 38
-610.42894626 1 38
-660.53349100 1 37
-689.46162983 1 41
-690.39175260 0
40 52
-26.50753010 3 26 31 36
-26.70325071 3 26 27 31
-26.76841059 3 26 27 36
-27.02865097 2 26 31
-27.15853289 2 26 36
-28.32044707 2 26 27
-30.22986483 1 26
-119.58976859 2 31 36
-363.16054885 3 27 31 53
-381.70860219 3 27 31 54
-404.22901522 3 27 31 48
-405.06750195 2 27 31
-410.24398004 3 27 36 49
-413.73665854 3 27 36 54
-418.30738185 3 27 36 47
-425.29667924 3 27 36 46
-427.52947743 3 27 36 48
-427.78387417 2 27 36
-432.14669978 2 31 53
-449.70367333 2 31 54
-471.47362168 2 31 48
-472.37090163 1 31
-484.35003771 2 36 49
-491.89544659 2 36 53
-500.48218106 2 36 48
-502.82080874 2 36 47
-504.97711139 2 36 54
-512.34600333 2 36 55
-516.53949957 2 36 46
-520.14854015 1 36
-903.43949868 2 27 53
-910.28157266 2 27 48
-925.41725292 2 27 49
-941.06763741 2 27 54
-941.98367847 2 27 47
-942.53706141 2 27 55
-949.49381062 2 27 46
-961.63126791 2 27 44
-970.74664187 2 27 52
-976.03933741 1 27
-1058.22749439 1 55
-1111.71601689 1 53
-1127.13559606 1 49
-1130.79310280 1 48
-1132.74974300 1 50
-1160.68327890 1 47
-1162.02187318 1 46
-1162.70469868 1 44
-1167.16058628 1 54
-1167.28160718 1 52
-1190.68419674 1 45
-1205.34018014 0
41 9
-128.27224339 1 42
-282.60852734 2 24 43
-336.42643244 2 27 43
-336.87736160 2 14 43
-337.52771829 1 43
-454.46860237 1 27
-462.30038842 1 39
-462.50054148 1 35
-463.23051119 0
42 8
-74.59814121 3 24 41 43
-106.07789827 2 41 43
-142.02615100 1 41
-204.06332464 2 24 43
-283.58702779 2 14 43
-306.26456334 1 43
-469.69118329 1 27
-476.98441880 0
43 18
-12.68820698 2 24 42
-102.79827109 2 24 41
-294.67696775 2 14 42
-295.77248976 1 24
-342.10231068 2 13 42
-362.03134473 2 14 41
-362.87005229 2 19 42
-369.09995295 2 16 42
-373.80980987 1 42
-391.68805672 2 13 41
-410.98896869 2 19 41
-418.50065186 2 16 41
-418.82687243 1 41
-500.07251958 1 14
-511.98415858 1 13
-526.23873531 1 19
-535.47236332 1 16
-544.52966533 0
44 6
-906.26619851 2 27 31
-909.63585690 1 31
-937.81983341 1 40
-937.81983341 1 26
-961.91921252 1 36
-980.45531488 0
45 5
-634.63649670 1 31
-667.13841587 1 40
-667.13841587 1 26
-668.30172565 1 27
-681.79439927 0
46 7
-447.94731278 1 31
-482.00099870 1 40
-482.00099870 1 26
-514.95241984 1 36
-520.95049722 1 27
-521.57666273 1 49
-525.31930567 0
47 4
-508.52842116 1 40
-508.52842116 1 26
-509.65431276 1 31
-553.18532240 0
48 9
-567.87204582 1 40
-567.87204582 1 26
-603.00266600 2 31 36
-617.22502997 1 31
-630.74478105 2 27 36
-630.95915064 1 36
-639.05763056 1 53
-641.01833908 1 54
-642.41912316 0
49 9
-476.78537289 1 26
-476.78537289 1 40
-481.83038234 1 31
-532.04824837 2 27 36
-538.41149710 1 27
-538.68528919 1 36
-551.24731404 1 46
-552.02717201 1 52
-554.98995698 0
50 6
-891.75606583 1 36
-895.19028189 1 31
-897.58062793 1 40
-897.58062793 1 26
-901.04257865 1 27
-970.17106507 0
51 1
-786.26799580 0
52 8
-599.03460085 2 27 31
-615.59517059 1 31
-616.46023657 1 40
-616.46023657 1 26
-640.88521730 1 27
-649.32136433 1 36
-651.55602456 1 49
-654.51880953 0
53 10
-606.77073663 1 40
-606.77073663 1 26
-648.43256092 2 31 36
-664.54750730 2 27 36
-676.97013913 1 36
-678.56164594 1 54
-693.79953827 1 31
-697.03340728 1 48
-697.15088427 1 27
-700.39489988 0
54 7
-311.32748562 1 40
-311.32748562 1 26
-317.15603695 2 31 36
-327.67382554 1 53
-341.85416426 1 36
-348.10629540 1 48
-349.50707948 0
55 7
-748.41671570 1 40
-748.41671570 1 26
-752.94477067 1 31
-800.29623925 2 27 36
-809.76633773 1 27
-821.77726459 1 36
-895.52940146 0

4
32 34
25 55
15 20
14 18