56
0 3
-1253.01644677 1 4
-1253.01644677 1 3
-1396.44886642 0
1 3
-1182.02204099 1 4
-1182.02204099 1 3
-1231.84780525 0
2 3
-1190.23753672 1 4
-1190.23753672 1 3
-1241.85649045 0
3 12
-9.84639648 1 4
-1123.22001443 2 0 2
-1124.25040177 1 0
-1216.06386768 1 2
-1217.85705716 1 1
-1226.12043085 2 11 12
-1236.03806146 2 7 8
-1242.62223792 1 21
-1242.62223792 1 20
-1254.37885947 1 12
-1256.62171350 1 8
-1267.68282142 0
4 12
-9.84639648 1 3
-1123.22001443 2 0 2
-1124.25040177 1 0
-1216.06386768 1 2
-1217.85705716 1 1
-1226.12043085 2 11 12
-1236.03806146 2 7 8
-1242.62223792 1 21
-1242.62223792 1 20
-1254.37885947 1 12
-1256.62171350 1 8
-1267.68282142 0
5 3
-1238.34868493 1 7
-1293.91485117 1 8
-1307.91730565 0
6 2
-1326.01316487 1 7
-1326.07125097 0
7 6
-932.15014063 2 4 8
-932.15014063 2 3 8
-952.73379267 1 8
-1268.37916061 1 5
-1337.88969524 1 6
-1337.94778134 0
8 7
-911.30154313 2 4 7
-911.30154313 2 3 7
-975.54508051 1 7
-1346.75661470 1 5
-1349.69796126 1 4
-1349.69796126 1 3
-1360.75906918 0
9 4
-669.37939332 2 10 11
-683.93157088 1 11
-817.36202841 1 12
-946.04277756 0
10 4
-958.72512551 2 9 11
-973.27730307 1 11
-1010.12593137 1 12
-1023.17913371 0
11 10
-555.30453356 2 9 12
-633.00427193 2 4 12
-633.00427193 2 3 12
-661.26270056 1 12
-692.56913699 2 9 10
-772.12606736 1 9
-984.33544340 1 10
-1031.75052652 1 21
-1031.75052652 1 20
-1034.23727404 0
12 10
-622.69772145 2 4 11
-622.69772145 2 3 11
-686.45193497 1 11
-930.74575931 1 9
-1040.02802166 2 13 14
-1045.60416832 1 14
-1046.12254651 1 4
-1046.12254651 1 3
-1046.37330612 1 10
-1059.42650846 0
13 12
-661.03761352 2 12 14
-666.61376018 1 14
-910.55556202 2 19 24
-924.54008463 2 16 24
-959.78942641 2 16 19
-964.27337370 1 19
-967.76381237 1 16
-987.92918941 1 24
-1062.56118014 2 42 43
-1065.93363878 1 43
-1072.65536392 1 18
-1103.89764546 0
14 31
-330.65330603 3 13 19 24
-361.46304931 2 13 19
-363.82340970 3 13 16 24
-393.92847048 2 13 16
-405.22658373 2 13 24
-470.47642454 3 13 42 43
-472.98116536 2 12 13
-483.07917032 3 16 19 24
-487.14922279 2 19 24
-489.05240997 2 13 43
-507.98467176 1 13
-521.71944933 3 15 16 19
-531.75065299 2 16 24
-558.11405566 2 16 19
-591.40678361 3 19 42 43
-592.58210293 2 15 19
-609.14266586 2 19 43
-619.60448512 3 16 42 43
-635.37884507 1 19
-648.07138620 2 15 16
-652.43317333 2 16 43
-668.70092466 1 16
-691.91752158 2 18 24
-707.49013931 1 24
-802.52657996 2 42 43
-857.35570756 2 41 43
-858.79290082 2 18 43
-866.47777939 1 43
-893.11830750 1 18
-931.44621690 1 12
-945.26855704 0
15 6
-1282.21116643 2 14 19
-1313.73893251 2 14 16
-1324.92067775 2 16 19
-1325.00790857 1 19
-1334.36847097 1 16
-1390.27640741 0
16 20
-717.81941739 2 14 15
-739.67071843 2 14 18
-805.65372513 2 14 19
-806.16814082 2 18 19
-817.80972821 1 14
-870.81879707 2 13 18
-878.43456725 2 13 19
-882.83128372 2 15 19
-882.91851454 1 19
-910.56784500 2 18 24
-913.74379710 2 13 15
-921.72471290 2 15 18
-937.21479872 1 18
-954.09517364 2 13 24
-958.24352751 1 13
-972.81370687 2 15 24
-1017.48427841 1 24
-1038.46942416 1 15
-1066.24109721 1 43
-1094.37736060 0
17 2
-957.32699597 1 18
-993.49144734 0
18 11
-858.83457134 2 16 17
-891.39198538 1 16
-984.33438498 2 14 17
-991.20699638 2 17 19
-996.40429772 1 14
-1007.08087758 1 19
-1008.96769619 2 13 17
-1012.39009588 1 17
-1017.31226572 1 13
-1039.68335911 1 24
-1048.55454726 0
19 15
-660.88123327 2 14 15
-780.24330710 2 14 16
-792.39931018 1 14
-881.38238287 2 15 16
-882.85579013 2 13 16
-890.83017609 1 16
-891.47933150 2 13 15
-961.57265922 2 13 24
-962.66475040 1 13
-982.27467646 2 15 24
-1037.02052331 1 15
-1038.94628661 1 24
-1060.81535247 1 18
-1084.55338909 1 43
-1102.28902215 0
20 9
-7.32747267 1 21
-693.56226862 2 29 30
-893.36862706 2 28 30
-901.72485791 1 30
-1057.20288821 1 4
-1057.20288821 1 3
-1064.89803815 1 23
-1079.77672419 1 11
-1082.26347171 0
21 9
-7.32747267 1 20
-693.56226862 2 29 30
-893.36862706 2 28 30
-901.72485791 1 30
-1057.20288821 1 4
-1057.20288821 1 3
-1064.89803815 1 23
-1079.77672419 1 11
-1082.26347171 0
22 3
-1106.60863744 1 23
-1329.93035816 1 35
-1345.59057013 0
23 9
-844.98091290 3 22 34 35
-848.49793285 2 21 22
-848.49793285 2 20 22
-864.83594438 1 22
-909.15913725 2 34 35
-1036.32070569 1 35
-1086.45244352 1 21
-1086.45244352 1 20
-1103.81787708 0
24 18
-263.68810290 3 14 42 43
-310.19788473 3 13 42 43
-319.68639233 2 42 43
-321.90086399 3 14 41 43
-407.02377006 2 41 43
-415.64216929 2 14 43
-503.03203744 2 13 43
-531.84159052 2 19 43
-532.23305644 2 16 43
-552.47901036 1 43
-811.74097267 1 14
-929.40258047 2 13 16
-932.45884318 2 13 19
-933.55093435 1 13
-972.62630822 1 16
-986.17665486 1 19
-1040.64820225 1 18
-1049.51939040 0
25 1
-1723.77853041 0
26 75
-26.52837593 3 31 36 40
-26.75536292 3 27 31 40
-26.83094431 3 27 36 40
-27.13286753 2 31 40
-27.28358898 2 36 40
-28.63300232 2 27 40
-30.85469238 1 40
-195.41367422 3 27 31 36
-195.47042341 2 31 36
-564.63967597 3 27 31 53
-656.01946390 3 27 31 54
-691.17643028 3 27 31 48
-691.40230567 3 27 36 53
-697.86630120 3 27 36 49
-718.41788155 3 27 36 48
-727.59655290 2 31 53
-730.97680380 3 27 36 46
-740.29020322 3 27 36 54
-751.20651138 2 27 31
-751.55607088 3 27 36 45
-757.68361221 3 27 36 52
-770.94224692 3 27 36 47
-778.42525670 3 27 36 55
-787.47263706 2 36 53
-798.73241983 2 27 36
-816.40192372 2 31 54
-825.81620703 2 36 49
-839.41854081 2 36 48
-850.44965592 2 31 48
-870.25062490 2 36 46
-872.18443295 2 36 55
-876.51259702 2 36 52
-884.08283186 2 36 54
-890.47467346 2 36 45
-896.34262637 2 31 52
-905.90743650 2 31 49
-911.71147735 1 31
-915.04586518 2 36 47
-945.91754763 1 36
-1661.24983337 2 27 53
-1681.27389027 3 27 49 54
-1715.35513624 2 27 48
-1737.58791774 2 27 55
-1743.32928490 2 27 49
-1747.56836783 3 27 52 54
-1755.77219252 3 27 46 54
-1763.98010628 2 27 52
-1774.76167087 2 27 50
-1777.96359409 2 27 44
-1787.70965149 3 27 47 54
-1797.17835825 2 27 54
-1811.74338963 2 27 46
-1828.64651465 2 27 47
-1836.49141468 2 27 45
-1880.17555342 2 27 51
-1911.66354400 1 27
-2029.86095182 1 50
-2033.71308156 1 55
-2046.17870129 2 49 53
-2088.75530199 1 53
-2093.52856967 2 49 54
-2120.95409829 2 48 49
-2149.98993825 2 52 54
-2160.52240397 1 48
-2161.05214338 1 49
-2171.30591093 2 46 54
-2173.72425153 1 52
-2194.07757713 1 44
-2222.32121805 2 47 54
-2235.82747247 1 46
-2249.56931638 1 54
-2261.72519914 1 45
-2274.40056159 1 47
-2299.47064534 1 51
-2368.99675897 0
27 42
-7.66250861 3 26 31 40
-7.67008348 3 26 36 40
-7.70794253 3 26 31 36
-7.70794253 3 31 36 40
-7.76469172 2 31 36
-7.85157571 2 26 40
-8.04001321 2 31 40
-8.04001321 2 26 31
-8.12272815 2 36 40
-8.12272815 2 26 36
-10.07326577 1 26
-10.07326577 1 40
-114.98810285 2 31 52
-121.43744604 3 36 49 53
-122.70430527 2 36 53
-123.18174053 2 31 50
-134.20125330 2 36 55
-138.88908212 2 36 50
-148.23184558 2 36 52
-148.38113624 2 36 49
-149.71176945 2 36 48
-155.30785596 1 36
-160.80072779 2 31 44
-168.01818953 2 31 55
-168.54497918 1 31
-290.08544030 2 50 55
-303.32900031 1 50
-337.51995189 1 55
-433.44509632 2 46 49
-438.63295450 2 49 52
-439.46189559 1 49
-440.30065266 1 52
-446.05518863 2 29 46
-446.54563420 1 46
-449.19852360 1 29
-453.82983880 1 45
-455.30804557 1 53
-457.51829446 1 51
-460.73995942 1 41
-463.72797776 1 44
-465.71962799 1 30
-467.40648074 0
28 5
-848.72410630 1 29
-1062.13333469 2 21 30
-1062.13333469 2 20 30
-1070.48956554 1 30
-1108.57721372 0
29 10
-556.11901026 3 21 28 30
-556.11901026 3 20 28 30
-638.22302666 2 21 30
-638.22302666 2 20 30
-668.05822748 2 28 30
-788.84486437 2 27 28
-808.10253405 1 28
-846.38561595 1 30
-1049.74768433 1 27
-1067.95564147 0
30 10
-475.40924451 2 21 29
-475.40924451 2 20 29
-854.06393178 2 21 28
-854.06393178 2 20 28
-880.30342834 1 29
-921.33484006 1 21
-921.33484006 1 20
-1063.78580569 1 28
-1100.18660110 1 27
-1101.87345386 0
31 79
-19.78513511 3 26 36 40
-19.89871740 3 26 27 40
-20.08778450 2 26 40
-20.12556255 3 26 27 36
-20.12556255 3 27 36 40
-20.54034816 2 36 40
-20.54034816 2 26 36
-21.77635680 2 27 40
-21.77635680 2 26 27
-23.80960936 1 40
-23.80960936 1 26
-522.41506798 3 27 36 49
-533.80648613 3 27 36 48
-541.39550339 3 27 36 46
-543.76651833 3 27 36 45
-553.80273051 3 27 36 54
-557.97780497 3 27 36 53
-587.51724779 3 27 36 52
-611.48129690 3 27 36 47
-618.26545179 3 27 36 44
-623.44430815 2 27 36
-627.56380419 3 36 49 54
-652.21883114 2 36 49
-656.61304960 2 36 53
-657.37753965 2 36 48
-668.39140605 3 36 46 54
-682.52028754 2 36 46
-685.24528417 2 36 45
-698.71301298 2 36 54
-708.91185522 2 36 52
-723.68765404 2 36 55
-757.41883379 2 36 47
-766.76498409 2 36 44
-770.64430202 2 36 50
-770.98747239 1 36
-984.75099646 3 27 46 52
-998.59387182 3 27 46 49
-999.20720755 3 27 49 52
-1011.28943639 2 27 44
-1029.73436872 2 27 52
-1033.61607656 3 27 45 46
-1038.98349401 3 27 47 49
-1040.45830829 2 27 55
-1041.25821587 3 27 45 49
-1042.60880700 2 27 49
-1047.84140649 2 27 50
-1050.54216902 2 27 46
-1068.65187050 2 27 45
-1098.85600377 2 27 48
-1112.18516290 2 27 47
-1165.92183753 2 27 53
-1180.44744294 2 27 54
-1182.23338942 1 27
-1200.19458133 2 46 55
-1208.09236468 2 49 55
-1209.96007065 1 55
-1227.98866628 1 50
-1235.84089047 2 46 49
-1273.51302716 2 45 46
-1274.27099837 2 46 52
-1277.25960866 2 45 49
-1278.63710738 2 47 49
-1291.06999239 2 49 52
-1301.38369492 2 48 49
-1301.73749214 2 46 48
-1306.42967327 2 46 47
-1309.84089903 1 49
-1314.21668637 1 44
-1321.50530743 1 46
-1335.69316672 2 45 52
-1349.43805296 1 45
-1355.04691854 1 52
-1382.52307884 2 47 48
-1385.95776300 1 48
-1402.98266810 1 47
-1431.68803314 1 53
-1474.10115792 1 54
-1476.28017707 1 51
-1481.09489098 0
32 3
-1068.26151606 1 34
-1107.53190175 1 35
-1120.98672677 0
33 3
-998.07280381 1 34
-1055.56962591 1 35
-1072.46278959 0
34 9
-676.16257004 2 23 35
-789.23581388 2 33 35
-803.32413848 1 35
-1012.31160762 2 32 33
-1031.06037413 1 33
-1052.72514920 1 32
-1102.07990755 1 41
-1105.25516361 1 42
-1105.45035991 0
35 11
-588.07829836 2 23 34
-789.73894622 2 22 34
-797.53161177 1 34
-1027.55266676 2 23 33
-1032.16066181 1 23
-1082.76466951 1 33
-1083.99762122 1 22
-1086.20300818 1 32
-1088.60805876 1 41
-1094.02947536 1 42
-1099.65783319 0
36 58
-17.76444452 3 26 31 40
-17.88560167 3 26 27 40
-18.03686543 3 26 27 31
-18.03686543 3 27 31 40
-18.06709391 2 26 40
-18.36893611 2 26 31
-18.36893611 2 31 40
-19.68765968 2 26 27
-19.68765968 2 27 40
-21.63819731 1 26
-21.63819731 1 40
-424.23786335 3 27 31 53
-465.63654556 3 27 31 54
-499.04114156 3 27 31 48
-545.76041909 3 27 31 51
-573.26036282 3 27 31 49
-573.82970259 2 27 31
-589.71065267 2 31 53
-627.07017741 2 31 54
-660.83614678 2 31 48
-709.04701351 2 31 51
-720.98752009 2 31 52
-726.91279330 2 31 49
-734.58029490 2 31 50
-734.60999005 1 31
-1027.48474096 2 27 50
-1032.18189591 2 27 53
-1053.46712683 2 27 55
-1064.09065920 2 27 48
-1066.55293182 3 27 49 54
-1070.01851913 2 27 44
-1075.05377632 2 27 52
-1077.50754489 3 27 47 54
-1079.93556793 2 27 51
-1091.24062536 3 27 46 54
-1092.28125800 2 27 54
-1093.45410184 2 27 49
-1109.00004299 2 27 47
-1130.39101429 2 27 46
-1132.61878386 1 27
-1191.92465915 1 50
-1256.78582542 1 55
-1342.56532885 1 44
-1352.28599248 2 49 54
-1364.78563621 1 53
-1365.59908003 2 52 54
-1367.12258340 1 52
-1368.94155267 2 47 54
-1373.25043931 2 48 49
-1380.03814739 1 51
-1380.88071131 2 46 54
-1384.53486119 1 49
-1389.41637013 1 48
-1402.45832235 1 54
-1412.04322379 1 47
-1416.53244965 1 46
-1436.52364281 1 45
-1444.71740865 0
37 3
-1045.10670166 2 38 39
-1049.49855225 1 39
-1172.77236165 0
38 3
-1097.19734574 2 37 39
-1101.58919632 1 39
-1265.33465625 0
39 6
-1059.31863736 2 37 38
-1219.71011516 1 38
-1260.18176568 1 37
-1375.15052227 1 41
-1376.30498774 1 42
-1383.45557508 0
40 75
-26.52837593 3 26 31 36
-26.75536292 3 26 27 31
-26.83094431 3 26 27 36
-27.13286753 2 26 31
-27.28358898 2 26 36
-28.63300232 2 26 27
-30.85469238 1 26
-195.41367422 3 27 31 36
-195.47042341 2 31 36
-564.63967597 3 27 31 53
-656.01946390 3 27 31 54
-691.17643028 3 27 31 48
-691.40230567 3 27 36 53
-697.86630120 3 27 36 49
-718.41788155 3 27 36 48
-727.59655290 2 31 53
-730.97680380 3 27 36 46
-740.29020322 3 27 36 54
-751.20651138 2 27 31
-751.55607088 3 27 36 45
-757.68361221 3 27 36 52
-770.94224692 3 27 36 47
-778.42525670 3 27 36 55
-787.47263706 2 36 53
-798.73241983 2 27 36
-816.40192372 2 31 54
-825.81620703 2 36 49
-839.41854081 2 36 48
-850.44965592 2 31 48
-870.25062490 2 36 46
-872.18443295 2 36 55
-876.51259702 2 36 52
-884.08283186 2 36 54
-890.47467346 2 36 45
-896.34262637 2 31 52
-905.90743650 2 31 49
-911.71147735 1 31
-915.04586518 2 36 47
-945.91754763 1 36
-1661.24983337 2 27 53
-1681.27389027 3 27 49 54
-1715.35513624 2 27 48
-1737.58791774 2 27 55
-1743.32928490 2 27 49
-1747.56836783 3 27 52 54
-1755.77219252 3 27 46 54
-1763.98010628 2 27 52
-1774.76167087 2 27 50
-1777.96359409 2 27 44
-1787.70965149 3 27 47 54
-1797.17835825 2 27 54
-1811.74338963 2 27 46
-1828.64651465 2 27 47
-1836.49141468 2 27 45
-1880.17555342 2 27 51
-1911.66354400 1 27
-2029.86095182 1 50
-2033.71308156 1 55
-2046.17870129 2 49 53
-2088.75530199 1 53
-2093.52856967 2 49 54
-2120.95409829 2 48 49
-2149.98993825 2 52 54
-2160.52240397 1 48
-2161.05214338 1 49
-2171.30591093 2 46 54
-2173.72425153 1 52
-2194.07757713 1 44
-2222.32121805 2 47 54
-2235.82747247 1 46
-2249.56931638 1 54
-2261.72519914 1 45
-2274.40056159 1 47
-2299.47064534 1 51
-2368.99675897 0
41 10
-270.11458316 2 27 42
-275.69278615 1 42
-524.17972211 2 24 43
-660.51289058 2 14 43
-669.63496241 1 43
-895.14090021 1 35
-897.88562184 1 39
-899.52415333 1 27
-902.82022229 1 34
-906.19067465 0
42 12
-187.15963993 3 24 41 43
-240.45220809 3 14 41 43
-242.46544446 2 41 43
-312.81351917 1 41
-385.58397576 2 24 43
-554.42539435 2 14 43
-615.00413514 2 13 43
-618.37659378 1 43
-936.16082032 1 39
-937.68304983 1 35
-943.11621137 1 34
-943.31140767 0
43 18
-13.16896158 2 24 42
-188.70214360 2 24 41
-585.37950104 1 24
-600.42469092 2 14 42
-699.91020478 2 13 42
-729.54839592 2 19 42
-731.26546380 2 16 42
-745.23968498 2 14 41
-757.48506721 1 42
-804.49741783 2 13 41
-824.10457886 2 16 41
-829.02883627 2 19 41
-845.86416885 1 41
-1003.62910343 1 14
-1044.45587441 1 13
-1054.28361770 1 16
-1064.68424803 1 19
-1082.41988109 0
44 9
-1774.64584223 1 40
-1774.64584223 1 26
-1774.94256806 2 27 31
-1782.68681945 1 31
-1847.41294427 1 36
-1942.46338098 1 46
-1944.99211461 1 49
-1945.88652109 1 27
-1949.56502407 0
45 8
-1239.45616976 1 31
-1263.84144795 1 26
-1263.84144795 1 40
-1357.53636584 1 27
-1362.91924194 1 36
-1364.65526164 1 49
-1369.13534281 1 54
-1371.11300778 0
46 10
-887.70004390 1 31
-914.12034094 1 26
-914.12034094 1 40
-1019.10466845 1 36
-1024.12319496 2 27 49
-1026.42878090 1 27
-1030.13999423 1 49
-1038.43420159 1 55
-1040.18798436 1 44
-1047.28962745 0
47 5
-1006.68025859 1 40
-1006.68025859 1 26
-1023.16423309 1 31
-1068.60227112 1 36
-1101.27645597 0
48 9
-1053.68858362 1 40
-1053.68858362 1 26
-1093.25196737 2 31 36
-1167.02581064 1 31
-1201.26581360 2 27 36
-1206.86190011 1 36
-1238.83739377 1 53
-1243.51797990 1 54
-1262.16293862 0
49 16
-894.48507810 1 26
-894.48507810 1 40
-923.47850498 2 31 36
-931.17570174 1 31
-1035.32042652 2 27 36
-1042.24714623 1 36
-1069.86865404 2 27 52
-1071.53635219 1 52
-1072.17952260 2 27 46
-1074.48510854 1 27
-1085.28006047 1 46
-1090.90055256 1 55
-1095.97194755 1 45
-1097.85678423 1 44
-1100.05362451 1 50
-1102.42969369 0
50 11
-1577.98605904 1 40
-1577.98605904 1 26
-1618.65240283 2 27 31
-1647.91034286 2 27 36
-1663.98594633 2 31 36
-1664.01564148 1 31
-1664.32911669 1 36
-1753.04438576 1 27
-1911.14774354 1 55
-1914.74579701 1 49
-1917.12186619 0
51 8
-1497.57842762 1 40
-1497.57842762 1 26
-1502.42528000 1 36
-1557.21635497 1 27
-1557.52673195 1 53
-1562.28982735 1 31
-1563.05202766 1 54
-1567.10454126 0
52 11
-1104.79013199 1 40
-1104.79013199 1 26
-1120.45779066 2 27 31
-1160.39219703 2 31 36
-1174.01466699 1 31
-1215.39180381 2 27 36
-1222.46781419 1 36
-1268.34035684 2 27 49
-1269.16929793 1 49
-1272.95681135 1 27
-1300.06263944 0
53 14
-1110.58413504 1 26
-1110.58413504 1 40
-1196.51939680 2 31 36
-1278.29026890 2 27 36
-1310.89381958 1 36
-1340.85803739 2 31 54
-1341.41873418 1 31
-1345.46405541 2 27 54
-1350.23163696 1 54
-1362.72367981 2 27 48
-1367.50004717 1 48
-1378.72715685 1 27
-1381.24778271 1 51
-1390.82559202 0
54 10
-574.94765301 1 26
-574.94765301 1 40
-579.84154990 2 31 36
-652.11600931 1 36
-653.78114056 1 53
-675.73013688 1 48
-687.38136255 1 31
-690.32258201 1 51
-692.39743064 1 45
-694.37509561 0
55 11
-1459.58990435 1 26
-1459.58990435 1 40
-1523.21197178 2 27 31
-1523.73876143 1 31
-1585.83539588 2 27 36
-1606.94199853 1 36
-1664.98705291 1 27
-1783.34444063 1 49
-1786.01815590 1 46
-1788.89945911 1 50
-1794.87358176 0

3
15 24
25 50
26 40