56
0 17
-11746.88399467 3 1 2 4
-11746.88399467 3 1 2 3
-12226.32262878 2 2 4
-12226.32262878 2 2 3
-12242.45772951 2 1 3
-12242.45772951 2 1 4
-12439.93082860 1 4
-12439.93082860 1 3
-13772.08970975 2 11 12
-13773.00488696 2 7 8
-13813.96135849 1 8
-13815.16251949 2 12 21
-13815.16251949 2 12 20
-13818.76821194 1 12
-13829.79613448 1 21
-13829.79613448 1 20
-13877.51310581 0
1 14
-10821.03971457 3 0 2 4
-10821.03971457 3 0 2 3
-11207.43754535 2 0 4
-11207.43754535 2 0 3
-11300.47834867 2 2 4
-11300.47834867 2 2 3
-11404.91064444 1 4
-11404.91064444 1 3
-12283.34228698 1 8
-12286.88059421 2 11 12
-12322.16975093 1 12
-12336.45879327 1 21
-12336.45879327 1 20
-12358.29929238 0
2 13
-10850.56500287 3 0 1 4
-10850.56500287 3 0 1 3
-11236.96283365 2 0 4
-11236.96283365 2 0 3
-11346.13873771 2 1 4
-11346.13873771 2 1 3
-11450.57103347 1 4
-11450.57103347 1 3
-12283.62514593 1 8
-12289.06949124 1 21
-12289.06949124 1 20
-12293.97706788 1 12
-12323.51264067 0
3 54
-11.58373427 1 4
-8363.79840606 3 0 1 2
-10082.51219482 2 0 1
-10149.11191666 2 0 2
-10571.54086461 3 0 7 8
-10744.59131648 2 1 2
-10764.80145248 3 0 11 12
-10901.71016916 2 0 8
-10961.83258509 3 1 7 8
-10968.01266605 3 0 12 21
-10968.01266605 3 0 12 20
-11025.07619754 2 0 12
-11069.52953209 3 2 7 8
-11110.34589794 2 0 21
-11110.34589794 2 0 20
-11171.64677807 2 7 8
-11175.11765630 3 1 11 12
-11213.14306884 3 2 11 12
-11280.84352233 1 0
-11354.02692974 3 11 12 21
-11354.02692974 3 11 12 20
-11378.98231914 3 1 12 20
-11378.98231914 3 1 12 21
-11402.43163912 2 1 8
-11450.91727674 3 2 12 20
-11450.91727674 3 2 12 21
-11450.99750376 2 2 8
-11480.54221915 2 1 12
-11520.95037058 3 8 11 12
-11563.26011036 2 2 12
-11564.44659611 2 1 20
-11564.44659611 2 1 21
-11634.23133080 2 11 12
-11652.20352797 2 2 21
-11652.20352797 2 2 20
-11742.17914500 3 8 12 21
-11742.17914500 3 8 12 20
-11765.03715160 1 1
-11790.38015826 2 12 20
-11790.38015826 2 12 21
-11845.48419234 1 2
-11859.49754554 2 8 12
-11864.70039933 2 8 21
-11864.70039933 2 8 20
-12086.77554097 1 8
-12204.41818821 2 9 12
-12211.45728770 2 12 30
-12276.24589102 1 12
-12369.22609810 1 20
-12369.22609810 1 21
-12638.86732343 2 29 30
-12644.78936566 1 30
-12711.93994952 1 23
-12718.42579954 0
4 54
-11.58373427 1 3
-8363.79840606 3 0 1 2
-10082.51219482 2 0 1
-10149.11191666 2 0 2
-10571.54086461 3 0 7 8
-10744.59131648 2 1 2
-10764.80145248 3 0 11 12
-10901.71016916 2 0 8
-10961.83258509 3 1 7 8
-10968.01266605 3 0 12 21
-10968.01266605 3 0 12 20
-11025.07619754 2 0 12
-11069.52953209 3 2 7 8
-11110.34589794 2 0 21
-11110.34589794 2 0 20
-11171.64677807 2 7 8
-11175.11765630 3 1 11 12
-11213.14306884 3 2 11 12
-11280.84352233 1 0
-11354.02692974 3 11 12 21
-11354.02692974 3 11 12 20
-11378.98231914 3 1 12 20
-11378.98231914 3 1 12 21
-11402.43163912 2 1 8
-11450.91727674 3 2 12 20
-11450.91727674 3 2 12 21
-11450.99750376 2 2 8
-11480.54221915 2 1 12
-11520.95037058 3 8 11 12
-11563.26011036 2 2 12
-11564.44659611 2 1 20
-11564.44659611 2 1 21
-11634.23133080 2 11 12
-11652.20352797 2 2 21
-11652.20352797 2 2 20
-11742.17914500 3 8 12 21
-11742.17914500 3 8 12 20
-11765.03715160 1 1
-11790.38015826 2 12 20
-11790.38015826 2 12 21
-11845.48419234 1 2
-11859.49754554 2 8 12
-11864.70039933 2 8 21
-11864.70039933 2 8 20
-12086.77554097 1 8
-12204.41818821 2 9 12
-12211.45728770 2 12 30
-12276.24589102 1 12
-12369.22609810 1 20
-12369.22609810 1 21
-12638.86732343 2 29 30
-12644.78936566 1 30
-12711.93994952 1 23
-12718.42579954 0
5 5
-11667.21712830 2 6 7
-12149.78815542 1 7
-12704.40331617 2 6 8
-12705.17477226 1 8
-13176.50997726 0
6 5
-12205.43833301 2 5 7
-12688.00936013 1 7
-13010.10908296 2 5 8
-13010.88053906 1 8
-13252.77480826 0
7 13
-8371.29865650 2 3 8
-8371.29865650 2 4 8
-8648.72185633 3 5 6 8
-8873.88114946 2 5 8
-9127.92690465 2 6 8
-9245.47094786 2 0 8
-9286.42741940 1 8
-11258.26898639 2 5 6
-12350.60409378 1 5
-12812.56046749 1 6
-13354.66450022 2 11 12
-13362.50612072 1 12
-13377.32591562 0
8 31
-7819.13970416 2 4 7
-7819.13970416 2 3 7
-9126.80939217 3 7 11 12
-9258.32495649 2 0 7
-9270.24283823 2 7 12
-9325.34902126 2 1 7
-9343.72436738 2 2 7
-9409.99315711 1 7
-12470.15866564 2 4 5
-12470.15866564 2 3 5
-12741.41833702 2 4 6
-12741.41833702 2 3 6
-12741.89209090 2 5 6
-12854.16510059 3 4 11 12
-12854.16510059 3 3 11 12
-12865.97455758 3 5 11 12
-12869.24139476 1 3
-12869.24139476 1 4
-12926.30821034 2 5 12
-12967.44606080 2 11 12
-13029.55644834 1 5
-13160.38433211 2 6 12
-13258.99738413 1 6
-13293.45419108 2 9 12
-13293.85718799 1 12
-13425.93464793 1 1
-13437.33990602 1 0
-13461.00415860 1 2
-13499.47598153 1 21
-13499.47598153 1 20
-13500.89165334 0
9 13
-6307.17762747 2 10 11
-6755.35699252 1 11
-8070.61879996 2 4 12
-8070.61879996 2 3 12
-8097.40652377 2 10 12
-8142.04350587 2 8 12
-8142.44650277 1 12
-9401.41183714 1 21
-9401.41183714 1 20
-9425.78006923 2 13 14
-9437.63007541 1 14
-9439.65089487 1 30
-9440.20231023 0
10 5
-8997.21147999 2 9 11
-9445.39084504 1 11
-9795.37152361 2 9 12
-9840.41150261 1 12
-10178.47417549 0
11 41
-4484.35426440 3 9 10 12
-4789.88478283 3 4 9 12
-4789.88478283 3 3 9 12
-5046.40529222 3 8 9 12
-5136.33195040 2 9 12
-5693.59436323 3 4 10 12
-5693.59436323 3 3 10 12
-5803.69924678 3 3 8 12
-5803.69924678 3 4 8 12
-5826.64298871 2 4 12
-5826.64298871 2 3 12
-5998.57419777 3 8 10 12
-6128.89853060 2 10 12
-6142.24642175 2 8 12
-6358.58290954 2 9 10
-6421.97904674 2 0 12
-6433.36839221 2 1 12
-6460.81592843 2 7 12
-6468.65754893 1 12
-7548.14573756 3 9 13 14
-7556.67377582 2 9 20
-7556.67377582 2 9 21
-7557.34794625 2 9 14
-7560.33267547 1 9
-9470.34413256 2 10 21
-9470.34413256 2 10 20
-9484.86239574 3 10 13 14
-9500.66292703 2 10 14
-9512.09466272 1 10
-10059.83904148 2 13 14
-10119.82989542 2 14 21
-10119.82989542 2 14 20
-10143.59980938 1 21
-10143.59980938 1 20
-10183.52413124 1 14
-10219.76156982 2 13 19
-10224.47150645 1 30
-10234.17951864 1 19
-10234.44885587 1 16
-10235.02044525 1 24
-10245.17799318 0
12 71
-5585.00320972 3 3 8 11
-5585.00320972 3 4 8 11
-5727.16314202 2 4 11
-5727.16314202 2 3 11
-6278.39886351 2 8 11
-6704.98231709 2 0 11
-6732.03684708 3 11 13 14
-6741.77239507 2 1 11
-6788.93044944 2 7 11
-6799.49478322 2 2 11
-6802.31881907 2 11 14
-6841.52009389 1 11
-8430.28489407 3 3 9 10
-8430.28489407 3 4 9 10
-8776.99118799 2 4 9
-8776.99118799 2 3 9
-8815.41815922 3 8 9 10
-8916.69500838 2 9 10
-9042.75481527 3 9 13 14
-9082.15319751 2 8 9
-9218.80404713 2 9 14
-9288.68345192 2 0 9
-9316.42568542 2 1 9
-9320.28473068 1 9
-9846.64457009 2 4 10
-9846.64457009 2 3 10
-9917.20986986 3 3 13 14
-9917.20986986 3 4 13 14
-9977.06286307 3 10 13 14
-9983.35735158 2 4 21
-9983.35735158 2 4 20
-9983.35735158 2 3 21
-9983.35735158 2 3 20
-10085.22153777 2 3 14
-10085.22153777 2 4 14
-10112.20108982 2 8 10
-10156.05406921 3 8 13 14
-10167.99085594 2 13 14
-10170.92900498 2 10 14
-10175.86062962 1 3
-10175.86062962 1 4
-10274.47170798 2 0 10
-10279.58074463 2 10 21
-10279.58074463 2 10 20
-10279.97786526 1 10
-10328.24847306 2 8 14
-10401.42333130 2 8 20
-10401.42333130 2 8 21
-10411.00607280 1 8
-10437.55321444 2 14 20
-10437.55321444 2 14 21
-10457.84887020 1 14
-10527.36187589 2 13 19
-10539.49814366 2 13 24
-10540.87002682 2 19 21
-10540.87002682 2 19 20
-10547.56967645 2 0 21
-10547.56967645 2 0 20
-10559.29564427 1 0
-10562.20329143 1 21
-10562.20329143 1 20
-10571.03464218 2 13 16
-10576.48990117 1 19
-10580.15980849 1 24
-10581.91099669 1 1
-10587.25800180 1 16
-10588.50496535 1 2
-10603.22074324 1 7
-10610.51448072 1 30
-10613.41357427 1 43
-10618.04053814 0
13 36
-6015.61925912 2 12 14
-6181.79218362 2 11 14
-6293.62726720 2 9 14
-6305.47727338 1 14
-8093.29430356 3 16 19 24
-8195.56828341 3 15 16 19
-8200.35995067 2 19 24
-8362.67547596 2 16 24
-8538.83586652 3 19 42 43
-8541.39936519 3 16 19 43
-8557.70120835 2 16 19
-8587.16993914 2 15 19
-8692.14371974 3 19 41 43
-8735.32521080 2 19 43
-8760.82800988 3 16 42 43
-8906.87096801 3 16 41 43
-8914.05680502 2 12 19
-8948.76688148 2 11 19
-8963.18483030 1 19
-8979.21158959 2 15 16
-8990.53901701 2 16 43
-9265.57288079 2 12 16
-9281.79624041 1 16
-9289.72708587 2 18 24
-9420.55636192 2 12 24
-9461.21802675 1 24
-9815.65401448 3 18 42 43
-9959.47207490 2 42 43
-9981.87761620 3 18 41 43
-10089.77215267 2 18 43
-10096.58130708 2 41 43
-10355.13605861 1 43
-10536.21223283 2 15 18
-10593.31420380 2 17 18
-10606.45590756 1 18
-10995.74518532 0
14 77
-2781.06642622 3 13 19 24
-2978.89493270 3 13 16 24
-3050.17855843 3 13 16 19
-3302.06068984 3 12 13 19
-3417.11329518 3 13 19 43
-3429.44584112 3 13 15 19
-3458.42829490 3 12 13 16
-3505.39563443 3 12 13 24
-3508.52343430 3 11 13 19
-3552.98559195 2 13 19
-3591.17188180 3 13 16 43
-3645.51919506 3 13 15 16
-3686.25629357 3 11 13 16
-3707.35308387 3 11 13 24
-3753.07106958 2 13 16
-3777.18325504 2 13 24
-3900.96899655 3 16 19 24
-4119.55954427 3 15 16 19
-4246.35704619 3 15 19 24
-4259.26773440 3 13 42 43
-4303.82326217 3 12 13 43
-4499.00554892 3 13 41 43
-4507.32310306 3 12 13 18
-4523.54893125 2 19 24
-4536.57458636 2 12 13
-4564.77778193 3 11 13 43
-4665.87523006 3 13 18 43
-4668.33184817 3 15 16 24
-4676.72400210 2 13 43
-4785.58873789 3 11 13 18
-4801.79461485 2 11 13
-4838.22612073 3 16 19 43
-4878.94980100 2 16 24
-4895.09617969 2 13 18
-4971.55094494 2 9 13
-5006.18856148 1 13
-5101.37342898 3 19 42 43
-5148.13048185 2 16 19
-5243.42958413 3 15 19 43
-5398.56609802 3 19 41 43
-5435.93398985 3 15 18 19
-5490.06853131 3 16 42 43
-5500.53715952 2 15 19
-5674.69793973 2 19 43
-5772.47049021 3 15 16 43
-5795.81030606 3 16 41 43
-6099.80507433 2 12 19
-6099.98417862 2 15 16
-6110.43500025 2 16 43
-6121.34326995 2 18 19
-6169.38567201 2 11 19
-6174.83589947 1 19
-6595.66674037 2 18 24
-6609.41900180 2 12 16
-6687.09124465 2 11 16
-6691.73864712 1 16
-6815.92952387 2 12 24
-6887.19927565 2 11 24
-6895.55574478 1 24
-7494.54709772 3 18 42 43
-7764.05678500 3 12 42 43
-7803.70921116 2 42 43
-7882.55177062 3 18 41 43
-8143.44878015 2 41 43
-8269.08990474 2 18 43
-8587.16297130 2 12 43
-8672.87724302 2 11 43
-8682.69208725 1 43
-8989.03987543 2 15 18
-9043.53648621 2 12 18
-9098.80613599 2 17 18
-9139.12499920 2 11 18
-9150.11567525 1 18
-9536.26480548 1 12
-9634.80261148 1 11
-9693.88423860 1 9
-9696.45647342 0
15 24
-11296.31934062 3 14 16 19
-11962.75735326 3 13 16 19
-12176.08662144 3 14 18 19
-12188.08859129 3 16 19 24
-12219.72999204 2 14 16
-12315.30973437 2 14 19
-12324.89027820 2 16 19
-12508.89980972 2 13 16
-12607.45608693 3 13 18 19
-12613.59358316 2 13 19
-12616.82741840 2 16 24
-12756.96109943 2 19 24
-12777.91499992 2 16 18
-12792.66057713 2 16 43
-12811.48446054 1 16
-12861.49590153 2 18 19
-12963.53642889 2 19 43
-12989.60847432 1 19
-13365.62958181 2 14 18
-13456.46170690 2 13 18
-13499.15687427 2 17 18
-13506.03627857 2 18 24
-13526.70538163 1 18
-13741.46516437 0
16 54
-5710.95795431 3 14 15 18
-6281.25710393 2 14 15
-6593.30357237 3 14 18 19
-6695.62830539 3 14 17 18
-6761.70735634 2 14 18
-7079.86139346 3 15 18 19
-7111.10310914 3 13 15 18
-7221.48649064 3 13 18 19
-7327.55052077 3 18 19 24
-7422.59920552 3 13 15 19
-7449.13375623 3 17 18 19
-7452.21363976 2 14 19
-7469.30113138 2 18 19
-7631.27749598 3 15 19 24
-7668.50814969 3 13 15 24
-7727.68356732 3 13 18 24
-7751.04175593 3 15 18 24
-7814.20086125 2 15 19
-7834.68461918 1 14
-7851.16952546 3 13 17 18
-7864.01004331 2 13 15
-7909.95990279 2 13 18
-8073.43543543 2 13 19
-8200.15000413 2 19 24
-8286.20908974 3 15 18 43
-8404.64996866 3 17 18 24
-8411.94554546 3 15 17 18
-8427.37756800 2 19 43
-8434.18913267 2 15 18
-8478.91905738 1 19
-8493.88027043 2 18 24
-8736.24297051 2 15 24
-8790.00508260 2 13 24
-8826.19782051 3 17 18 43
-8853.85650508 3 18 42 43
-8916.66998266 2 18 43
-8947.64761193 2 17 18
-9057.79132306 3 13 42 43
-9058.88331169 2 12 13
-9083.27446463 2 13 43
-9112.49471181 2 11 13
-9125.45350057 1 13
-9182.97951438 1 18
-9294.64119042 3 15 42 43
-9445.75009865 3 15 41 43
-9474.92647015 2 15 43
-9888.54763340 1 24
-9909.42174165 1 15
-10256.43538808 2 42 43
-10335.82900621 2 41 43
-10447.87150623 1 43
-10808.61990914 1 12
-10828.67330817 1 11
-10839.40244548 0
17 7
-9016.57964544 2 16 18
-9200.60200863 2 14 18
-9205.10374328 2 18 19
-9224.36304053 2 15 18
-9238.76984413 2 13 18
-9251.91154789 1 18
-10003.08147419 0
18 38
-7868.51254884 2 16 17
-8841.34335279 2 15 16
-8842.65131736 3 14 15 17
-8867.72505316 2 16 21
-8867.72505316 2 16 20
-8874.91281341 1 16
-9092.66707136 3 15 17 19
-9112.18216986 2 17 19
-9139.35347380 3 13 15 17
-9163.28330503 2 14 17
-9359.86894613 2 13 17
-9403.34381452 3 15 17 24
-9511.03469672 2 15 17
-9577.46702086 2 14 15
-9579.72874016 2 17 24
-9730.39701515 2 17 43
-9780.16581821 1 17
-9801.58856925 2 15 19
-9828.16490667 2 13 15
-9876.20851252 2 14 19
-9896.07803441 2 19 21
-9896.07803441 2 19 20
-9929.70114205 1 19
-9981.55852861 2 14 20
-9981.55852861 2 14 21
-9984.99494634 1 14
-10061.86869146 2 15 24
-10139.36942203 2 13 20
-10139.36942203 2 13 21
-10142.04646676 1 13
-10270.88555252 2 15 43
-10316.57596178 1 15
-10324.96449418 1 24
-10434.16505424 2 42 43
-10460.47461439 1 43
-10496.16476178 1 21
-10496.16476178 1 20
-10531.33574451 0
19 52
-5983.98001410 2 14 15
-7059.35680761 2 14 16
-7332.72748435 3 13 15 16
-7333.04135320 2 14 18
-7428.61272516 2 14 21
-7428.61272516 2 14 20
-7441.82778703 1 14
-7540.39245210 3 13 15 24
-7731.98666627 3 15 16 24
-7774.13832214 2 13 15
-7878.86994081 2 13 16
-8116.37079053 2 15 16
-8160.72549338 2 16 24
-8437.59764477 3 16 42 43
-8469.38198747 2 16 43
-8561.40179214 3 13 18 24
-8584.54771788 2 16 21
-8584.54771788 2 16 20
-8588.26504657 2 13 24
-8602.96497288 1 16
-8730.52847958 2 13 18
-8761.11134037 3 15 18 24
-8820.64505079 2 12 13
-8829.34742412 3 13 42 43
-8836.95214080 2 15 24
-8870.06507790 2 13 43
-8886.41658766 2 11 13
-8930.88800596 1 13
-9438.67158339 3 15 42 43
-9478.97915581 3 15 18 43
-9489.09669104 2 18 24
-9606.21700273 3 15 41 43
-9687.80674139 2 15 43
-9696.60427841 2 15 18
-9849.12312265 1 24
-9907.93664187 3 18 42 43
-10014.52726217 2 18 43
-10211.59167093 1 15
-10249.98363251 2 42 43
-10315.00595390 2 17 18
-10332.34525637 2 18 21
-10332.34525637 2 18 20
-10336.21285814 2 41 43
-10361.81375851 1 18
-10489.87592571 1 43
-10911.09871913 2 12 21
-10911.09871913 2 12 20
-10921.89772400 1 12
-10932.43198375 1 21
-10932.43198375 1 20
-10952.44988644 1 11
-10963.44836098 0
20 40
-8.86168205 1 21
-6731.63143295 3 23 29 30
-6745.66679738 2 29 30
-8375.85502806 2 28 30
-8729.80907654 2 4 30
-8729.80907654 2 3 30
-8767.38875134 2 23 30
-8890.20118487 2 11 30
-8891.59459733 2 27 30
-8910.21742528 1 30
-10199.75128787 2 3 12
-10199.75128787 2 4 12
-10233.52954902 2 4 23
-10233.52954902 2 3 23
-10234.27133363 2 22 23
-10300.71026892 2 3 11
-10300.71026892 2 4 11
-10392.25456590 1 4
-10392.25456590 1 3
-10432.41575479 2 11 23
-10470.38913207 2 12 23
-10484.46806582 1 23
-10633.04127606 2 11 19
-10639.87608354 1 11
-10674.81801576 2 12 19
-10676.81478247 2 18 19
-10682.01132818 2 0 12
-10685.61702063 1 12
-10693.73729600 1 0
-10702.66379425 1 9
-10706.28328461 1 18
-10707.01111792 1 2
-10709.28153249 1 35
-10710.43789011 1 19
-10719.61376823 1 1
-10736.07077024 1 41
-10740.03859554 1 8
-10740.93015485 1 43
-10741.27049065 1 42
-10741.45426734 0
21 40
-8.86168205 1 20
-6731.63143295 3 23 29 30
-6745.66679738 2 29 30
-8375.85502806 2 28 30
-8729.80907654 2 4 30
-8729.80907654 2 3 30
-8767.38875134 2 23 30
-8890.20118487 2 11 30
-8891.59459733 2 27 30
-8910.21742528 1 30
-10199.75128787 2 3 12
-10199.75128787 2 4 12
-10233.52954902 2 4 23
-10233.52954902 2 3 23
-10234.27133363 2 22 23
-10300.71026892 2 3 11
-10300.71026892 2 4 11
-10392.25456590 1 4
-10392.25456590 1 3
-10432.41575479 2 11 23
-10470.38913207 2 12 23
-10484.46806582 1 23
-10633.04127606 2 11 19
-10639.87608354 1 11
-10674.81801576 2 12 19
-10676.81478247 2 18 19
-10682.01132818 2 0 12
-10685.61702063 1 12
-10693.73729600 1 0
-10702.66379425 1 9
-10706.28328461 1 18
-10707.01111792 1 2
-10709.28153249 1 35
-10710.43789011 1 19
-10719.61376823 1 1
-10736.07077024 1 41
-10740.03859554 1 8
-10740.93015485 1 43
-10741.27049065 1 42
-10741.45426734 0
22 6
-10566.49443382 2 21 23
-10566.49443382 2 20 23
-10816.69116602 1 23
-12635.81954737 2 34 35
-12915.87558654 1 35
-13362.19436450 0
23 29
-6914.11094784 3 22 34 35
-7554.29501972 3 21 22 35
-7554.29501972 3 20 22 35
-7846.20044486 2 22 35
-7907.13863576 2 20 22
-7907.13863576 2 21 22
-8361.72717994 2 22 30
-8413.35645534 3 21 34 35
-8413.35645534 3 20 34 35
-8439.86703352 1 22
-8466.66382741 2 34 35
-9690.55088906 2 21 35
-9690.55088906 2 20 35
-9796.37537566 2 33 35
-9850.81128901 1 35
-10718.76831512 2 20 41
-10718.76831512 2 21 41
-10728.38403048 1 21
-10728.38403048 1 20
-10911.70932098 2 30 41
-10913.17591442 1 41
-10922.35339196 2 29 30
-10926.43497432 2 30 42
-10929.66233861 1 42
-10932.43313350 1 30
-10962.42509933 1 43
-10978.88438197 1 3
-10978.88438197 1 4
-10985.37023200 0
24 44
-2165.54218049 3 14 42 43
-2602.90820011 3 13 42 43
-2631.32722432 3 14 41 43
-2700.64507356 3 19 42 43
-2730.99358389 3 16 42 43
-2994.85801319 3 18 42 43
-3019.74995801 2 42 43
-3284.40824124 3 13 41 43
-3435.04050797 3 19 41 43
-3465.00620773 3 16 41 43
-3664.73429606 2 14 43
-3757.46986200 2 41 43
-4379.54192062 3 13 16 43
-4393.25304891 3 13 19 43
-4552.26079524 3 12 13 43
-4563.91877269 2 13 43
-4703.63141548 3 16 19 43
-4784.73700712 3 15 19 43
-4817.37956508 2 19 43
-4893.97162672 3 15 16 43
-4898.15830343 2 16 43
-5323.28517121 2 18 43
-5363.56650988 2 35 43
-5384.51770195 2 39 43
-5399.54309237 2 27 43
-5421.08430623 2 34 43
-5422.66612875 1 43
-7584.86874928 1 14
-8508.61935996 2 13 19
-8515.79390138 2 13 16
-8753.13563195 2 12 13
-8832.08150092 2 11 13
-8851.24231935 1 13
-8855.87349943 3 15 16 19
-8992.67518634 2 16 19
-9038.79686470 2 15 19
-9240.25762369 2 15 16
-9271.44423959 1 19
-9434.91466583 1 16
-10158.72912452 2 15 18
-10179.39822759 1 18
-10347.88874827 1 12
-10375.61192999 1 11
-10385.76947792 0
25 8
-16823.07766310 1 31
-16843.31582436 1 40
-16843.31582436 1 26
-16980.52773602 2 27 36
-17001.87095609 1 36
-17008.82274274 1 27
-17014.70773565 1 48
-17044.30004550 0
26 434
-26.59846869 3 31 36 40
-26.93059259 3 27 31 40
-27.04121902 3 27 36 40
-27.48331946 2 31 40
-27.70412775 2 36 40
-29.68426935 2 27 40
-32.95696021 1 40
-1011.78375775 3 31 36 53
-1172.64006442 3 31 36 55
-1195.37016182 3 31 36 50
-1280.80875353 3 31 36 47
-1359.42455627 3 31 36 48
-1426.10207408 3 31 36 49
-1439.14898507 3 31 36 52
-1482.76433346 3 31 36 51
-1487.72928150 3 31 36 44
-1589.24122319 3 27 31 36
-1589.64580549 2 31 36
-4048.82532215 3 27 31 53
-4996.73317602 3 31 48 53
-5156.38476207 3 31 52 53
-5162.25823756 3 31 50 53
-5182.68497455 3 27 31 48
-5196.85168455 3 36 48 53
-5311.65232192 3 36 53 55
-5360.21079130 3 31 53 54
-5361.59166678 3 27 36 53
-5379.62657071 3 31 53 55
-5481.93586470 3 31 49 53
-5486.71456025 3 31 51 53
-5536.46031824 3 31 47 53
-5542.86757023 3 27 31 51
-5584.66903728 3 36 48 55
-5589.01278579 3 36 49 53
-5623.65649529 2 31 53
-5639.59301730 3 27 36 55
-5652.35971475 3 27 36 48
-5693.15927914 3 27 31 54
-5756.10153567 3 36 52 53
-5767.38949196 3 27 31 55
-5804.73464812 3 36 49 55
-5809.07208633 3 27 36 44
-5902.40216175 3 36 45 53
-5906.42620148 3 27 31 50
-5918.49790324 3 36 50 53
-5977.40073633 3 36 44 53
-5988.90472071 3 36 46 53
-6025.80048426 3 31 48 54
-6089.92214245 3 31 48 50
-6090.77696980 3 27 36 49
-6159.19651407 3 27 36 45
-6170.28779104 3 36 46 55
-6186.50311112 3 27 36 50
-6190.81551819 3 36 47 53
-6193.35157124 3 27 36 52
-6194.25540526 3 31 48 52
-6198.03529470 3 36 52 55
-6210.87502602 3 31 50 54
-6231.21281089 3 36 53 54
-6242.61995322 3 27 31 49
-6243.96235377 3 27 36 46
-6271.97208298 3 36 46 48
-6290.41810059 3 31 48 51
-6291.14684276 3 36 54 55
-6317.08595295 3 27 31 44
-6320.70542492 3 36 44 48
-6328.77588461 3 31 48 55
-6331.52791719 3 36 45 55
-6333.39166805 3 36 48 49
-6340.45619489 3 36 47 55
-6346.38091044 3 27 31 47
-6387.74448984 3 36 48 50
-6428.96166499 3 27 36 47
-6441.00547254 3 36 45 48
-6450.95536232 3 31 52 54
-6456.04387335 3 31 51 54
-6459.69036843 3 31 54 55
-6470.12709603 3 27 31 52
-6504.83510646 3 31 48 49
-6509.03496791 3 36 44 55
-6510.46599228 3 36 47 48
-6536.74148951 3 36 49 50
-6554.61436787 3 36 48 54
-6560.83577720 3 36 48 52
-6573.07596838 3 27 36 54
-6581.58102072 3 36 51 53
-6605.03255728 2 36 53
-6641.92063457 3 31 44 48
-6652.47099236 3 31 47 48
-6659.66683084 3 36 50 55
-6669.48032043 3 27 31 45
-6679.86304557 3 36 49 52
-6685.26149980 3 31 51 52
-6688.98622595 3 36 44 49
-6698.30677679 2 36 55
-6733.06630808 2 31 48
-6742.24713818 3 31 44 54
-6744.54670817 3 36 46 50
-6748.14019026 2 27 31
-6814.56029749 3 36 50 54
-6831.07004175 3 36 45 49
-6850.26794886 3 31 49 54
-6858.74898382 3 31 49 51
-6864.78121753 3 27 36 51
-6889.70448622 3 31 50 51
-6890.93299999 3 36 46 52
-6897.75223255 3 36 46 49
-6905.02530118 3 31 52 55
-6916.85556430 3 31 47 54
-6918.71677470 2 31 50
-6926.06838548 3 36 47 49
-6933.47430444 3 31 51 55
-6941.78673237 3 36 44 52
-6942.92005977 3 36 47 50
-6973.99326621 3 36 50 52
-6984.31783343 3 36 45 50
-7001.36427587 3 31 47 51
-7030.12663883 3 36 48 51
-7042.35769720 2 31 51
-7056.22546659 3 31 49 55
-7090.18317518 3 36 44 54
-7103.81363522 3 36 44 47
-7117.75884409 3 36 49 54
-7120.94407230 2 36 48
-7123.91596891 3 31 49 52
-7130.43944265 3 36 45 52
-7141.56430782 3 36 47 52
-7148.54142745 3 36 45 46
-7161.30630965 3 36 44 46
-7166.54653439 3 36 52 54
-7169.61354587 2 31 55
-7190.47681574 3 36 44 45
-7219.43875737 3 36 45 47
-7259.28416680 3 31 47 52
-7259.34199579 3 36 44 50
-7281.16865152 3 31 45 54
-7282.34193929 3 36 46 47
-7287.58517227 2 31 54
-7312.31720386 3 36 49 51
-7322.26388841 3 27 34 36
-7340.04012337 2 36 50
-7349.49686327 3 36 45 54
-7358.61256396 2 31 52
-7358.95196955 3 27 36 41
-7392.22219893 3 25 27 36
-7397.12337055 3 27 36 42
-7404.49765459 2 27 36
-7453.18877468 3 36 46 54
-7477.66172916 2 36 44
-7499.69597359 2 31 44
-7570.01325383 3 31 47 49
-7597.67012068 3 36 46 51
-7617.41634070 3 36 51 52
-7657.99538715 3 36 47 54
-7682.82603068 3 36 45 51
-7707.71343699 2 36 49
-7733.98256668 2 36 52
-7781.30857288 2 31 49
-7809.63384589 2 36 45
-7814.55994759 3 36 47 51
-7825.21542503 3 36 51 54
-7881.22660287 2 31 47
-8011.85776998 2 36 46
-8140.80597667 2 31 45
-8150.13515677 2 36 47
-8296.32409034 2 31 46
-8341.16928857 1 31
-8355.12349614 3 36 41 54
-8356.72705668 2 36 54
-8358.37083920 2 36 51
-9081.50640246 2 36 41
-9119.26711398 2 34 36
-9139.63055438 2 36 42
-9153.39468321 2 25 36
-9224.94225626 1 36
-12489.75300191 3 27 53 55
-12612.18074707 3 27 44 53
-13011.61017287 3 27 50 53
-13045.43649801 3 27 48 53
-13122.77183711 3 27 48 55
-13127.93379665 3 27 44 48
-13135.55047248 3 27 49 53
-13250.08425845 3 27 52 53
-13435.48770177 3 27 46 53
-13498.91477445 3 27 45 53
-13578.82153138 3 27 47 53
-13632.04798427 3 27 44 55
-13663.42597099 3 27 48 50
-13680.92042017 3 27 49 55
-13805.94136168 3 27 48 49
-13897.85885660 3 27 52 55
-13908.47315325 3 27 48 52
-13913.73704953 3 27 44 49
-14024.90358828 3 27 46 48
-14035.87854914 3 27 46 55
-14038.72636245 3 27 47 55
-14066.02833764 3 27 50 55
-14101.95731380 3 27 53 54
-14117.59637649 3 27 44 54
-14121.63332981 3 27 44 52
-14128.84216409 3 27 54 55
-14142.95535466 3 27 45 48
-14213.82071356 3 27 47 48
-14255.91211831 3 27 44 50
-14329.94835770 3 27 49 50
-14357.56042627 3 27 45 55
-14366.03340350 3 27 51 53
-14398.04709022 3 27 44 47
-14439.65339600 3 27 48 54
-14477.71876583 3 27 44 46
-14503.67937759 3 27 44 45
-14520.38226100 3 27 50 54
-14542.24423922 3 27 46 50
-14552.98332334 3 27 51 55
-14655.95118931 3 27 47 50
-14701.03221731 3 27 44 51
-14740.22319629 3 27 49 52
-14783.99416399 2 27 53
-14797.36897032 3 27 50 52
-14854.26743363 3 27 48 51
-14899.04270787 3 27 45 50
-14906.12148426 3 27 46 52
-14973.71764688 3 27 47 49
-14999.04556483 3 27 46 49
-15000.35706622 2 27 55
-15030.52249768 3 27 47 52
-15035.91649214 3 27 45 52
-15044.09051461 3 27 52 54
-15044.44687817 3 27 49 51
-15069.08376745 2 27 44
-15073.95652760 3 27 49 54
-15089.98187817 3 27 45 49
-15324.29865650 3 49 53 55
-15344.17084169 3 27 51 52
-15395.61245760 3 27 46 51
-15409.29132475 3 27 50 51
-15415.92197316 2 27 48
-15460.54251527 3 27 45 54
-15462.79234254 3 27 46 54
-15506.87976136 3 27 45 46
-15512.67627838 3 27 45 47
-15540.22483067 2 27 50
-15551.66847047 3 27 45 51
-15577.27916262 3 27 47 51
-15579.05019533 3 27 46 47
-15592.98442449 2 53 55
-15609.10959633 3 27 47 54
-15751.06515764 3 27 51 54
-16012.80929326 2 50 53
-16232.68967147 2 50 55
-16235.37511164 2 27 52
-16303.01325454 2 27 49
-16330.09817252 3 48 49 55
-16353.62820337 3 48 54 55
-16367.73468404 2 48 55
-16413.72663700 3 49 54 55
-16469.46161257 3 48 49 53
-16553.67586826 2 27 45
-16641.39708375 3 52 54 55
-16665.26586144 2 27 51
-16673.31438559 2 27 46
-16679.58553385 3 46 48 53
-16708.86895570 2 44 55
-16714.40635464 3 46 49 53
-16717.91074366 3 48 50 54
-16726.91994420 3 49 52 53
-16732.38301829 3 47 49 55
-16733.35102854 2 48 50
-16788.52065455 3 49 52 55
-16812.05689632 3 47 54 55
-16819.80959352 2 49 55
-16827.82878465 3 46 54 55
-16839.14763629 2 27 47
-16842.38737188 3 46 52 53
-16853.10107896 2 52 55
-16865.73272916 3 49 50 54
-16881.91131429 2 44 53
-16906.14274750 3 47 49 53
-16968.20786421 3 48 52 53
-17014.99515836 2 27 54
-17061.87787150 3 45 49 53
-17092.33135488 3 49 53 54
-17123.17430088 3 46 50 54
-17141.04849353 3 47 48 53
-17181.20672930 2 44 50
-17192.41535452 3 45 48 53
-17203.21913357 2 46 55
-17221.95529396 2 47 55
-17224.65814974 3 47 52 53
-17269.79832796 3 47 50 54
-17280.77736714 3 45 54 55
-17284.70814999 3 45 52 53
-17288.21558266 3 52 53 54
-17305.63806332 3 48 53 54
-17319.28408680 2 49 50
-17392.11191260 3 46 47 53
-17411.46742540 2 45 55
-17417.75234398 2 54 55
-17431.84539490 3 50 52 54
-17436.46099393 2 48 53
-17481.65669283 3 45 46 53
-17495.20812910 3 46 53 54
-17499.46820581 2 49 53
-17510.78398720 2 52 53
-17535.26264408 2 46 50
-17620.35269044 3 45 47 53
-17627.40169618 2 50 52
-17656.00494407 2 50 54
-17661.48842869 2 51 55
-17669.53371989 2 44 48
-17675.60549835 3 45 53 54
-17679.12830431 3 48 49 52
-17692.96480607 2 47 50
-17733.18622953 3 46 48 49
-17741.75298555 3 46 48 52
-17818.17533211 2 45 53
-17834.99512705 3 48 49 54
-17836.95816352 2 45 50
-17839.72768663 3 47 53 54
-17843.03376103 3 47 48 49
-17860.13937324 2 46 53
-17870.71896535 3 44 49 54
-17974.99099679 3 48 52 54
-18052.69111768 3 46 48 54
-18094.50665266 3 44 52 54
-18101.53968465 3 47 48 52
-18154.31379827 3 45 48 49
-18217.89587014 2 47 53
-18219.52503536 3 49 52 54
-18225.82031729 2 44 52
-18240.93921350 2 25 27
-18242.15551446 2 44 49
-18256.96455498 3 46 47 48
-18265.19836433 2 27 34
-18299.14268009 2 27 41
-18309.22985340 1 55
-18316.87347651 3 45 48 52
-18329.17866118 2 27 42
-18329.35002750 3 46 49 52
-18331.63519114 2 50 51
-18369.25915278 1 27
-18372.99405189 3 46 52 54
-18379.62854428 3 45 48 54
-18390.68749195 3 44 47 54
-18400.07794031 2 48 52
-18411.99856224 3 47 48 54
-18431.03785882 2 48 49
-18444.14721742 3 47 49 52
-18445.34538456 3 44 46 54
-18481.13316953 3 45 46 48
-18534.50488700 3 46 49 54
-18576.38915310 3 45 47 48
-18591.97677778 3 47 49 54
-18666.02684454 3 47 52 54
-18667.98069842 3 45 52 54
-18670.01369901 2 46 48
-18675.99070191 2 44 54
-18695.13608518 1 50
-18709.62607997 3 45 49 54
-18711.77249450 2 45 48
-18751.17623949 2 44 46
-18757.80216733 2 44 47
-18759.76431445 2 51 53
-18789.72850909 2 53 54
-18828.55052534 2 44 45
-18831.52874560 3 45 49 52
-18853.03936966 3 46 47 49
-18870.61576819 3 46 47 52
-19007.01903276 2 44 51
-19014.13676625 3 49 51 54
-19029.73538040 2 49 52
-19034.16697457 2 47 48
-19037.91401137 3 45 46 52
-19038.05425854 3 46 49 51
-19051.38191221 3 45 47 49
-19124.27226527 3 45 46 49
-19130.82492116 3 47 49 51
-19143.08612250 3 45 46 54
-19153.54558020 3 46 47 54
-19175.08479956 2 46 52
-19188.48122262 3 45 47 52
-19239.03968981 2 45 52
-19242.59400041 3 45 47 54
-19394.02360696 2 48 54
-19408.85393116 3 46 51 54
-19436.67713205 3 51 52 54
-19439.59919990 2 46 49
-19451.30807448 2 49 51
-19486.89257757 2 47 52
-19490.08410727 2 45 49
-19513.89736230 2 47 49
-19515.81981574 2 48 51
-19568.84758172 1 53
-19601.95126624 2 51 52
-19609.50387792 2 52 54
-19640.58219547 3 45 46 47
-19656.42246373 1 44
-19714.92859689 3 46 47 51
-19729.63403008 3 47 51 54
-19757.48111158 2 49 54
-19773.63622818 3 45 51 54
-19817.81890647 2 46 51
-19878.21116610 2 45 51
-19899.75924261 2 45 46
-19968.77572190 2 45 47
-20067.10565834 2 45 54
-20082.24654140 2 46 47
-20147.92640337 2 46 54
-20167.09250189 2 47 51
-20396.45532334 1 48
-20458.88061318 2 47 54
-20472.82281388 2 51 54
-20822.02014470 1 52
-20951.47986532 2 41 49
-20998.95332493 1 49
-21183.71304909 1 45
-21332.05374730 2 41 46
-21374.08154412 1 46
-21417.06181916 1 51
-21681.54733799 2 41 47
-21704.10004657 1 47
-21893.52453096 2 41 54
-21923.13584300 2 34 54
-21967.26224899 2 42 54
-22006.99815106 2 29 54
-22023.40410922 1 54
-23061.13590941 2 34 41
-23143.42054538 1 41
-23149.46331683 2 34 42
-23175.01266068 1 34
-23183.86985926 1 25
-23215.23512145 1 42
-23257.02504317 1 29
-23384.85408040 0
27 379
-7.68003186 3 26 31 40
-7.69111135 3 26 36 40
-7.74649342 3 26 31 36
-7.74649342 3 31 36 40
-7.95671240 2 26 40
-8.15107572 2 31 36
-8.23275873 2 31 40
-8.23275873 2 26 31
-8.35402008 2 26 36
-8.35402008 2 36 40
-11.22940327 1 26
-11.22940327 1 40
-700.59982921 3 31 50 52
-816.60571100 3 36 48 53
-821.13662495 3 36 53 55
-822.64937431 3 31 44 52
-900.58115784 3 36 48 55
-916.22792643 3 36 50 53
-918.73800568 2 31 52
-939.16897653 3 36 49 53
-982.35073558 3 36 52 55
-989.57310813 3 36 52 53
-1004.93263468 3 36 50 55
-1036.17012748 3 31 44 50
-1042.39268667 3 36 49 55
-1048.19122919 3 36 51 55
-1060.89676909 3 36 47 55
-1063.27261974 2 31 50
-1096.19511005 3 36 51 53
-1099.64345741 3 36 48 50
-1100.06043427 2 36 55
-1128.22983856 3 36 45 53
-1198.61054534 3 36 50 51
-1199.65371883 3 36 49 50
-1199.76924618 3 36 47 53
-1203.91624823 3 36 50 52
-1204.59546960 2 36 50
-1210.37492509 3 36 46 53
-1229.42050906 2 31 44
-1248.84256708 3 36 44 53
-1253.70688646 3 29 36 53
-1270.97475618 2 36 53
-1306.54538792 3 36 48 51
-1385.49541942 3 36 51 52
-1406.01510833 3 36 48 52
-1422.00458064 3 36 49 51
-1443.49560887 2 31 55
-1449.82915683 3 36 48 49
-1455.45069690 3 36 41 48
-1461.15693136 3 36 45 48
-1474.54841965 3 36 42 48
-1477.83208670 3 29 36 48
-1480.72590132 3 36 46 48
-1483.68253457 3 36 44 48
-1488.24880682 3 36 47 48
-1497.52159532 2 36 48
-1498.48509983 3 36 49 52
-1500.88536375 2 31 45
-1506.52064535 3 36 45 51
-1511.64672921 3 36 47 51
-1516.78401690 3 36 45 52
-1517.93715246 3 36 41 51
-1522.56250419 3 29 36 51
-1531.55301280 2 36 51
-1537.36467132 2 31 51
-1539.76528762 3 28 29 31
-1542.70386728 3 36 41 52
-1543.40570554 3 29 31 46
-1546.72840064 3 31 46 47
-1549.30762794 3 31 46 49
-1549.87486054 3 31 47 49
-1550.09381394 3 29 31 49
-1550.62812874 3 29 31 47
-1554.18736443 2 31 46
-1554.85309633 2 29 31
-1556.81208391 2 31 47
-1559.24320564 2 31 49
-1561.29411266 3 36 44 52
-1561.47453557 3 36 42 52
-1565.57691334 3 29 36 52
-1570.97288486 2 36 52
-1575.76357035 3 36 41 49
-1579.23227576 2 31 48
-1589.24774845 2 30 31
-1592.05708049 3 36 45 49
-1592.06578976 3 36 47 49
-1594.05800210 2 31 42
-1597.92605797 3 36 42 49
-1599.11224031 2 31 41
-1601.26185704 1 31
-1604.11831727 3 29 36 49
-1616.07362748 3 36 49 54
-1628.03756702 3 36 46 49
-1636.45045724 3 36 44 49
-1637.41856521 3 36 45 47
-1637.58160824 2 36 49
-1645.51741198 3 36 41 45
-1665.74339057 3 36 45 54
-1668.35238403 3 29 36 45
-1669.71407551 3 36 42 45
-1680.08645665 2 36 45
-1688.97313192 3 36 44 47
-1700.60926707 3 36 41 47
-1703.25729356 3 36 44 54
-1705.73253494 3 29 36 47
-1711.15691118 3 29 36 41
-1715.47401114 2 36 44
-1718.34445117 3 36 46 47
-1719.81021904 3 36 42 47
-1733.59500938 3 29 36 42
-1736.53647321 3 36 41 46
-1736.82407887 3 36 47 54
-1738.98461949 3 36 41 54
-1743.04824371 3 28 29 36
-1743.23553313 2 36 47
-1744.55681301 3 29 36 54
-1746.02283532 2 36 41
-1752.64067438 3 29 36 46
-1754.23729308 2 29 36
-1757.31850489 3 36 42 46
-1757.36608485 3 36 42 54
-1760.94635126 3 36 46 54
-1765.97972308 2 36 42
-1789.24249450 2 36 46
-1798.67983485 3 36 43 54
-1799.53398021 2 36 54
-1807.45540167 2 25 36
-1809.24304668 2 36 43
-1820.49461577 2 34 36
-1820.66626905 2 30 36
-1828.79862175 1 36
-2414.49805074 2 50 55
-3019.23293576 2 50 52
-3108.42123912 2 52 55
-3123.93670423 2 49 50
-3124.39393929 2 45 50
-3129.00276384 2 46 50
-3146.62582543 2 29 50
-3162.11090877 2 50 51
-3164.30922892 2 41 50
-3170.94323001 2 50 53
-3177.91733521 2 47 50
-3184.14687484 2 42 50
-3203.67217091 2 45 55
-3207.79864345 1 50
-3243.18157465 2 53 55
-3247.85962335 2 49 55
-3250.24633120 2 29 55
-3279.09327196 2 46 55
-3297.10965410 2 47 55
-3299.14272648 2 41 55
-3300.48578224 2 51 55
-3310.11296728 2 44 55
-3315.88238849 2 42 55
-3345.36370455 2 30 55
-3352.01693971 1 55
-4207.19249821 3 49 52 53
-4212.29688503 3 46 52 53
-4236.20064396 3 45 52 53
-4242.81698367 3 45 46 52
-4248.75081747 3 48 52 53
-4248.94997316 3 46 49 52
-4267.39516066 3 45 49 52
-4268.09166527 3 48 49 53
-4275.29992968 3 46 49 53
-4276.77972667 2 44 52
-4303.94235193 3 45 49 53
-4304.07547407 3 29 46 52
-4305.79670799 3 46 48 53
-4305.95151399 3 29 45 52
-4309.28728000 3 49 51 53
-4311.17682064 3 41 46 52
-4312.00059811 3 29 49 52
-4315.78895039 2 45 52
-4317.27599693 3 45 48 53
-4317.50109992 3 49 51 52
-4324.77874057 3 46 51 52
-4331.35462072 3 41 49 52
-4333.24271416 3 46 47 52
-4337.93333008 3 51 52 53
-4338.13444122 3 52 53 54
-4347.20385115 3 45 46 53
-4351.24776179 2 46 52
-4365.61029205 2 52 53
-4365.85363622 3 29 49 53
-4368.32378400 2 49 52
-4386.46246965 3 44 46 49
-4388.72294035 3 44 49 53
-4390.65477168 3 29 46 49
-4395.27266338 3 29 45 49
-4398.11936944 3 46 51 53
-4401.57072648 2 51 52
-4401.90977937 3 46 49 51
-4403.07376823 3 29 45 46
-4404.32625842 3 29 45 53
-4405.17650818 3 45 46 49
-4405.93256546 3 49 53 54
-4406.01899771 2 44 46
-4408.46006081 3 41 45 46
-4411.34034122 3 41 46 49
-4412.29443416 3 45 51 53
-4412.63145607 3 46 47 49
-4414.05962623 3 41 45 49
-4420.70663231 2 45 53
-4423.03156590 3 28 29 52
-4424.32226339 3 45 46 47
-4433.23070543 2 44 53
-4434.04395051 3 41 49 53
-4436.35714786 3 29 41 45
-4437.06576147 2 49 53
-4437.55688232 3 29 46 53
-4439.32760040 3 29 41 52
-4439.98293263 3 45 47 49
-4440.09532519 3 28 29 45
-4441.77524109 3 28 29 49
-4442.26588142 3 45 49 51
-4444.27223263 3 46 47 53
-4444.57909448 3 48 53 54
-4446.50870123 3 28 29 46
-4446.99081341 3 42 46 49
-4448.60820825 3 42 45 46
-4450.33375105 3 42 45 49
-4455.03958263 3 29 46 47
-4455.63536342 3 29 45 47
-4456.28559015 3 29 41 49
-4456.29633762 3 48 51 53
-4457.50450062 2 44 49
-4460.72820787 3 29 48 53
-4461.77306822 2 29 52
-4461.98696241 3 29 49 51
-4463.13024012 3 29 41 46
-4468.73792002 3 45 46 51
-4469.66251200 2 45 51
-4472.62643675 3 29 47 49
-4474.51282162 2 45 46
-4475.48176381 3 29 42 45
-4479.64141279 2 45 49
-4483.15752963 2 29 45
-4484.07734417 3 34 41 45
-4484.64432753 3 46 53 54
-4485.03631288 3 41 46 53
-4486.29521088 3 41 45 47
-4490.06216390 2 29 44
-4490.18874778 3 29 46 51
-4490.44989045 3 46 47 51
-4491.28755745 3 34 41 52
-4492.18967811 3 41 46 47
-4492.86436068 3 29 42 49
-4493.16223797 2 48 53
-4493.74823381 2 44 47
-4494.72566912 2 41 52
-4499.56162850 2 44 45
-4500.11348267 2 46 49
-4500.59017489 2 46 53
-4502.67765039 3 29 42 46
-4506.43246008 2 49 51
-4511.97090788 2 41 45
-4516.92258077 3 34 41 46
-4519.24075405 3 51 53 54
-4519.36903880 3 41 46 51
-4521.03685950 2 41 44
-4525.26424029 2 46 51
-4525.66245568 2 44 51
-4526.90283933 3 41 47 49
-4527.08757201 2 51 53
-4528.04954081 3 34 42 45
-4528.17965263 3 42 45 47
-4528.57148867 2 29 49
-4532.43587286 3 42 46 47
-4534.91054587 3 34 42 52
-4535.31928615 3 34 41 49
-4536.70909139 2 42 52
-4539.88328191 2 45 47
-4541.51401875 2 47 52
-4541.59148579 2 29 46
-4552.49806591 2 42 45
-4558.23848008 3 34 42 46
-4562.00981405 2 42 44
-4563.40687466 3 42 47 49
-4565.62868012 2 46 47
-4571.53860839 3 34 42 49
-4573.13195991 2 41 46
-4574.70893651 3 28 29 41
-4575.29368089 2 34 52
-4575.48730859 2 41 49
-4587.26593899 3 28 29 53
-4591.96345906 2 30 52
-4593.24120881 3 28 29 51
-4594.65777625 2 34 45
-4599.80466694 2 47 49
-4600.37764960 3 28 29 47
-4602.09915777 2 48 52
-4605.66364276 2 43 52
-4610.21032733 3 29 53 54
-4612.25063251 2 42 49
-4613.06182639 2 42 46
-4616.28968243 2 34 44
-4619.12246652 1 52
-4620.75517064 2 29 51
-4622.12746327 3 28 29 42
-4628.97819025 3 29 41 47
-4630.72626103 3 29 41 53
-4630.74209889 2 30 45
-4630.85204324 3 29 34 41
-4632.23566283 3 29 47 53
-4633.65737624 2 29 53
-4635.99165805 1 44
-4639.25870325 2 28 29
-4639.75894785 2 43 45
-4653.85937358 2 34 46
-4657.11749076 2 34 49
-4661.82364717 1 45
-4669.48114543 3 29 42 47
-4672.17168365 2 29 41
-4674.29225358 2 30 49
-4674.46916463 3 29 34 42
-4682.34773284 3 47 53 54
-4686.08040437 2 29 47
-4687.57726641 2 30 46
-4689.40820512 3 41 53 54
-4691.04992929 2 43 49
-4691.18216122 2 41 51
-4697.00317533 3 34 41 53
-4697.09365411 2 47 51
-4697.13538581 2 43 46
-4701.76404693 2 48 49
-4703.48928179 3 34 41 47
-4706.74844237 3 41 47 53
-4712.71889732 2 29 42
-4713.87723815 2 41 53
-4716.46481128 2 47 53
-4718.74786652 1 49
-4723.85714467 3 42 53 54
-4723.88710138 2 46 48
-4724.31162021 1 46
-4729.52895502 2 42 51
-4735.67462361 3 34 53 54
-4736.09569600 3 34 42 53
-4740.60941236 2 29 34
-4743.25338592 2 53 54
-4745.69669866 2 34 41
-4748.74192354 3 34 42 47
-4749.93843183 2 42 53
-4751.81687863 2 34 51
-4756.26968816 2 41 47
-4761.10819301 2 34 53
-4774.52392586 2 30 51
-4780.76117028 2 30 53
-4784.80666864 2 29 43
-4790.40389053 2 34 42
-4791.88448982 1 51
-4798.41872098 2 42 47
-4802.63232201 1 29
-4812.76992905 2 30 41
-4814.14482996 2 35 41
-4814.38208140 1 53
-4821.49600281 2 34 47
-4845.83554854 2 30 47
-4856.22051958 2 30 42
-4869.88389174 2 43 47
-4870.10987453 1 41
-4873.38632028 2 35 42
-4888.35075156 2 34 43
-4889.29865362 1 47
-4892.27754591 2 30 34
-4911.90913857 1 42
-4935.12930798 2 30 43
-4935.76120580 1 34
-4943.00487023 2 21 30
-4943.00487023 2 20 30
-4960.59400998 2 24 43
-4961.62769818 1 30
-4971.28374892 2 35 43
-4983.71704636 1 43
-4991.34702812 1 25
-5011.53318835 1 48
-5011.91509466 1 35
-5026.80484218 1 54
-5026.82433088 0
28 6
-8197.95211906 2 27 29
-8361.32573783 1 29
-9760.74532670 2 21 30
-9760.74532670 2 20 30
-10295.10772391 1 30
-11188.71122767 0
29 30
-4656.82962026 3 21 28 30
-4656.82962026 3 20 28 30
-5811.41425963 3 21 27 30
-5811.41425963 3 20 27 30
-5871.34015257 2 21 30
-5871.34015257 2 20 30
-5921.84786157 3 27 28 30
-6170.33436509 2 28 30
-7437.49939963 2 27 28
-7693.11557701 2 28 36
-7698.12770914 2 28 31
-7732.41691599 2 28 40
-7732.41691599 2 26 28
-7837.85885333 1 28
-7904.70060240 2 27 30
-8025.81103893 2 23 30
-8029.96873824 2 3 30
-8029.96873824 2 4 30
-8035.89078047 1 30
-10441.05233429 1 27
-10537.41530594 1 40
-10537.41530594 1 26
-10545.56426393 1 31
-10562.83320946 1 36
-10628.60489504 1 50
-10637.00356987 1 55
-10657.90590315 1 52
-10664.83208306 1 49
-10664.88875706 1 46
-10665.24434317 0
30 33
-4309.82144713 2 21 29
-4309.82144713 2 20 29
-7566.02687501 3 21 27 28
-7566.02687501 3 20 27 28
-7668.83557402 2 20 28
-7668.83557402 2 21 28
-8215.17215423 2 4 29
-8215.17215423 2 3 29
-8242.07034750 2 23 29
-8312.86527306 2 11 29
-8325.43709810 1 29
-9031.00159892 2 20 27
-9031.00159892 2 21 27
-9123.55381873 1 21
-9123.55381873 1 20
-9996.17671667 2 27 28
-10045.15565770 2 23 28
-10057.54572944 2 3 28
-10057.54572944 2 4 28
-10061.18715703 1 28
-10846.08851008 2 3 27
-10846.08851008 2 4 27
-10851.45822676 2 23 27
-10881.15422691 1 3
-10881.15422691 1 4
-10889.59402809 1 27
-10901.85356230 1 23
-10934.08417406 1 11
-10941.98986621 1 36
-10947.26460336 1 12
-10950.41527988 1 35
-10954.23924543 1 9
-10954.79066079 0
31 418
-19.82018161 3 26 36 40
-19.98633301 3 26 27 40
-20.26301355 2 26 40
-20.31831403 3 27 36 40
-20.31831403 3 26 27 36
-20.92584068 2 26 36
-20.92584068 2 36 40
-22.74000976 2 27 40
-22.74000976 2 26 27
-25.73665430 1 40
-25.73665430 1 26
-4305.02254139 3 36 48 53
-4364.84104656 3 27 36 48
-4418.08982762 3 27 36 53
-4438.27361217 3 27 36 44
-4516.02659277 3 36 53 55
-4547.45467207 3 36 48 55
-4564.34727863 3 27 36 45
-4571.67108301 3 27 36 55
-4669.11190583 3 36 49 53
-4694.75280290 3 27 36 46
-4715.82628518 3 27 36 49
-4778.06225305 3 36 49 55
-4810.54579097 3 36 52 53
-4829.73469463 3 27 36 52
-4840.67797946 3 36 45 53
-4920.29653734 3 36 44 53
-4931.82505490 3 36 46 48
-4983.36045256 3 36 46 53
-5006.55871647 3 36 44 48
-5006.65945050 3 27 36 54
-5011.25771576 3 36 50 53
-5023.85624013 3 36 45 48
-5028.07428503 3 36 46 55
-5112.74829848 3 36 45 55
-5113.25759491 3 36 48 49
-5114.21180379 3 36 52 55
-5118.86041222 3 27 36 50
-5182.19909616 3 36 54 55
-5202.96899015 3 27 36 47
-5232.75419898 3 36 48 54
-5255.66003546 3 36 53 54
-5292.48563317 3 36 48 50
-5319.54274829 3 36 48 52
-5341.30895873 3 36 44 55
-5359.62725011 3 36 45 49
-5363.12685875 3 36 44 49
-5366.75345464 3 36 47 53
-5377.86631873 3 36 47 55
-5403.99496466 3 36 47 48
-5409.47883164 3 36 49 52
-5456.12361360 3 36 49 50
-5474.05074551 3 36 46 52
-5476.55555444 3 27 36 51
-5487.54893281 3 36 46 49
-5503.72746927 3 36 45 46
-5547.46179556 3 36 44 52
-5565.30013290 3 36 46 50
-5578.72034420 3 36 51 53
-5603.79038790 3 36 44 45
-5632.13229401 2 36 55
-5636.34518895 3 36 45 52
-5655.82673675 3 36 44 54
-5663.96281005 2 36 53
-5680.78409760 3 36 44 46
-5684.20556495 3 36 50 54
-5709.78210254 3 36 45 50
-5723.67627030 3 36 49 54
-5725.99901500 3 27 34 36
-5726.78470653 3 36 45 54
-5728.41160235 3 36 48 51
-5766.21933837 3 36 52 54
-5771.12061631 3 27 36 41
-5788.98227316 3 25 27 36
-5795.21425207 3 36 47 49
-5805.84886530 3 27 36 42
-5828.26731896 3 36 50 52
-5835.57474543 2 27 36
-5835.84551792 2 36 48
-5887.19736592 3 36 46 54
-5890.54511631 3 36 44 47
-5896.37526750 3 36 45 47
-5948.44573250 3 36 47 50
-5964.90645375 3 36 47 52
-5976.41038834 3 36 44 50
-5994.56706983 3 36 49 51
-6022.69680308 3 36 46 47
-6110.71961213 2 36 44
-6117.79102331 3 36 45 51
-6127.51953413 3 36 46 51
-6217.19685408 2 36 45
-6241.48531549 3 36 51 52
-6276.23303515 2 36 50
-6300.72690121 3 36 41 49
-6334.47908363 2 36 49
-6372.77370703 2 36 52
-6386.66656384 3 36 51 54
-6410.20927590 3 36 47 54
-6451.93491699 3 36 41 46
-6464.35753640 2 36 46
-6618.99704373 3 36 47 51
-6745.41237056 3 36 41 54
-6770.62141186 3 34 36 54
-6790.31733664 3 36 42 54
-6791.27164052 2 36 54
-6925.82866931 2 36 47
-6973.25075075 2 36 51
-7462.37281959 3 34 36 41
-7495.35291636 2 36 41
-7524.66457857 2 34 36
-7550.03098931 2 36 42
-7553.95139702 2 25 36
-7640.95718899 2 29 36
-7656.22229145 1 36
-7730.79535299 3 27 44 55
-7772.77198375 3 27 44 52
-7884.57286141 3 27 44 49
-7932.89672420 3 27 44 45
-7979.92469866 3 27 44 46
-7981.03996921 3 27 44 50
-8102.81765039 3 27 44 48
-8156.98055368 3 27 46 55
-8190.56645709 3 27 52 55
-8277.12744899 3 27 49 55
-8291.26697600 3 27 44 47
-8358.99756311 3 27 46 52
-8408.08268812 3 27 50 55
-8428.25343863 3 27 45 55
-8492.60146634 3 27 46 50
-8521.19189420 3 27 45 52
-8531.02476130 3 27 47 55
-8582.50732695 3 27 48 55
-8588.68318714 3 27 44 53
-8663.48808271 3 27 49 52
-8703.44485192 3 27 46 49
-8726.93528921 3 27 49 50
-8766.85685469 3 27 45 46
-8771.28196359 3 27 45 50
-8774.70356565 3 27 46 48
-8800.36013357 3 27 44 54
-8843.91067901 3 27 47 52
-8848.30896366 3 27 50 52
-8852.67593679 3 27 45 49
-8860.47912085 3 27 48 52
-8873.89257215 2 27 44
-8890.07388143 3 27 53 55
-8916.22669340 3 27 45 48
-8984.62096599 3 27 47 50
-9010.10653886 3 27 48 49
-9046.16179450 3 27 47 49
-9066.95564628 3 27 48 50
-9185.94678795 3 27 45 47
-9185.99114165 3 27 46 47
-9257.72953149 3 27 52 53
-9277.14610833 3 27 47 48
-9289.87673243 3 27 54 55
-9314.68589024 3 46 49 55
-9329.48145486 3 27 50 53
-9331.58852650 3 27 46 53
-9340.55923067 2 27 55
-9341.07893761 3 27 45 53
-9381.17172061 3 27 49 53
-9516.48209047 3 47 49 55
-9582.75916873 3 46 50 55
-9592.30502880 3 27 50 54
-9630.94535681 3 46 47 55
-9635.95146893 2 50 55
-9637.45981260 3 27 52 54
-9665.49381901 3 45 46 55
-9702.60992809 3 46 52 55
-9733.24687122 2 44 55
-9750.01258887 3 45 49 55
-9753.08189323 3 27 46 51
-9760.36355937 3 46 48 55
-9766.50720587 2 27 50
-9773.08089949 3 27 46 54
-9781.87523769 3 27 47 53
-9797.04198821 3 27 48 53
-9808.95784661 3 27 45 54
-9844.52722340 2 27 52
-9852.82018715 3 27 45 51
-9873.24856972 3 27 49 54
-9880.57208173 3 49 52 55
-9900.19941511 3 27 49 51
-9918.07703812 3 48 49 55
-9922.73564118 3 46 53 55
-9923.51314391 3 49 53 55
-9924.00039242 3 27 34 46
-9945.75612084 2 46 55
-9961.68464315 2 27 45
-9965.97551125 2 27 46
-9978.20148233 3 46 49 50
-9994.93044360 3 45 47 55
-10043.86207558 2 49 55
-10049.00845566 3 27 34 49
-10053.44132862 3 47 48 55
-10086.48603259 3 47 52 55
-10088.51140049 3 27 48 54
-10114.61791516 2 27 49
-10154.02663974 2 44 50
-10165.46983432 2 45 55
-10240.98208334 3 47 53 55
-10300.59123014 3 47 49 50
-10308.85629491 2 27 48
-10315.90449272 3 27 47 51
-10339.50754619 2 47 55
-10342.77135896 2 52 55
-10345.16673535 3 27 47 54
-10365.45103379 3 45 46 50
-10400.75741332 3 46 47 50
-10422.83822653 2 48 55
-10441.88847544 3 27 53 54
-10475.78518394 3 46 48 50
-10495.14130748 2 46 50
-10498.21103091 3 45 49 50
-10513.58097739 3 27 34 47
-10550.70220937 2 27 47
-10573.91152138 2 53 55
-10581.31180661 3 44 46 49
-10682.30158669 3 48 49 50
-10701.67792514 3 27 51 53
-10713.60616827 2 49 50
-10745.16845361 2 45 50
-10786.10360334 3 44 47 49
-10807.13356267 2 27 53
-10860.35219280 3 45 46 49
-10862.48475330 3 46 49 52
-10869.57922279 3 46 48 49
-10892.38285252 3 44 46 52
-10914.76950741 3 44 45 49
-10940.84732214 3 44 45 46
-10968.53295999 3 47 48 50
-10974.59050831 3 44 49 52
-10984.88777317 3 46 49 53
-10986.03052286 3 46 47 49
-10986.80126087 3 27 51 54
-10986.97876969 3 45 46 52
-11025.08705829 2 47 50
-11046.95919260 3 44 46 47
-11054.46689500 3 44 48 49
-11059.74866175 3 45 46 48
-11067.11256112 2 44 49
-11090.63040954 3 44 46 48
-11099.62617202 2 44 46
-11109.66798337 2 48 50
-11139.28964261 3 45 47 49
-11151.30762331 2 44 45
-11165.32107279 2 54 55
-11166.94207021 2 50 52
-11171.74642889 3 45 49 53
-11176.18156231 3 46 48 52
-11196.06377108 3 45 48 49
-11221.37427583 2 27 51
-11223.02382091 2 51 55
-11226.90233611 2 44 52
-11239.09063905 3 45 49 52
-11245.10843424 3 45 46 53
-11249.08056151 1 55
-11262.02924439 3 46 47 52
-11262.60064699 3 46 47 48
-11265.43825070 3 47 49 52
-11270.39803151 3 27 34 54
-11270.42880236 3 47 48 49
-11279.52640903 3 45 46 47
-11288.13136470 2 50 53
-11332.25744693 3 27 41 54
-11357.67729239 3 27 42 54
-11363.89050420 2 27 54
-11373.67881472 3 46 48 53
-11376.06287286 3 44 47 48
-11386.07082536 3 47 49 53
-11386.31912091 3 46 52 53
-11434.25575088 3 48 49 53
-11459.85827893 2 44 48
-11464.32260077 3 45 47 52
-11466.97823912 3 27 34 41
-11484.18946948 3 45 47 48
-11485.52752950 2 27 34
-11491.17938219 2 44 47
-11496.23941972 2 25 27
-11547.68959432 2 27 41
-11558.52833493 3 46 49 54
-11563.68929215 3 45 48 52
-11570.74403482 3 48 49 52
-11571.41777933 2 27 42
-11604.17237692 3 46 47 53
-11625.08568945 3 49 52 53
-11643.85897228 1 27
-11654.25070666 2 46 49
-11663.76872159 3 45 47 53
-11667.87967168 2 44 53
-11683.79577539 3 45 52 53
-11689.97994773 3 45 48 53
-11697.95187280 3 45 46 54
-11698.98777103 2 50 54
-11730.82067165 2 45 46
-11743.98932723 3 45 49 54
-11755.24901147 3 46 52 54
-11770.10470324 2 46 52
-11805.07344433 3 47 48 52
-11816.62264819 2 45 49
-11891.45245374 3 46 48 54
-11911.03322958 1 50
-11912.09877289 2 46 48
-11913.61530597 2 45 52
-11928.08643322 3 49 53 54
-11990.01241938 3 47 49 54
-12006.51663660 3 47 48 53
-12006.85201281 3 47 52 53
-12019.06840409 3 46 53 54
-12029.00311817 2 45 48
-12048.05130739 3 48 49 54
-12050.92357828 3 49 52 54
-12086.39964781 3 45 53 54
-12096.09160090 2 47 49
-12107.82655807 2 49 52
-12122.72688100 2 48 49
-12132.31223438 3 46 47 54
-12167.86573337 2 44 54
-12174.39878602 2 45 53
-12194.62477639 3 48 52 53
-12199.35583790 3 45 47 54
-12204.89142113 2 46 47
-12205.00798330 2 49 53
-12209.39370388 2 45 47
-12222.87956965 2 46 53
-12271.33269218 2 44 51
-12280.46372114 1 44
-12405.44950934 3 47 52 54
-12445.89816862 2 47 52
-12467.50662002 3 52 53 54
-12489.91359116 2 48 52
-12543.15856090 3 48 53 54
-12554.34583098 3 47 48 54
-12590.89747398 2 47 48
-12624.09178360 2 52 53
-12647.60715184 3 47 53 54
-12702.25293512 2 48 53
-12707.50466593 3 46 51 54
-12708.44678472 2 46 51
-12762.33327199 2 45 51
-12773.17559638 3 49 51 54
-12848.26083241 2 49 51
-12879.80107563 2 47 53
-12901.56818598 3 41 46 54
-12906.55560839 3 34 46 54
-12923.92630738 2 46 54
-12936.52105185 2 45 54
-12968.16189002 2 41 46
-12969.36604653 2 34 46
-12976.03181570 3 41 49 54
-12977.55836434 3 34 49 54
-12996.54072808 2 34 45
-13006.55680417 2 41 45
-13014.92946749 2 49 54
-13039.30221192 2 42 46
-13076.81778532 2 42 45
-13093.25888200 3 34 41 49
-13093.61028314 2 34 49
-13100.29875551 2 41 49
-13113.04909703 2 29 46
-13122.62292657 1 45
-13136.09976703 1 46
-13170.56712176 2 42 49
-13239.35110175 2 29 49
-13274.12257604 1 49
-13286.82655832 2 51 52
-13312.70827528 2 52 54
-13426.35126383 3 47 51 54
-13441.28009685 2 47 51
-13459.79964214 2 41 52
-13468.73003652 2 34 52
-13515.14127895 2 48 54
-13530.52282944 2 42 52
-13544.91168424 1 52
-13571.00181046 2 53 54
-13579.36060129 2 48 51
-13616.24938184 2 51 53
-13643.27574321 3 41 47 54
-13643.90544316 3 34 47 54
-13644.44866567 2 34 48
-13645.78225858 2 41 48
-13655.32654530 2 47 54
-13717.67489552 2 42 48
-13723.60130830 2 34 47
-13726.45701468 2 41 47
-13741.15720750 1 48
-13800.19056190 2 42 47
-13855.40471434 2 29 47
-13883.18877909 1 47
-13908.49595954 2 34 53
-13948.18739809 2 41 53
-14015.85413932 2 42 53
-14019.23405807 1 53
-14206.79758584 2 51 54
-14456.02059603 2 34 51
-14456.51170904 2 41 51
-14475.89409433 1 51
-14493.12174742 3 34 41 54
-14560.17366166 2 34 41
-14568.02176198 2 34 54
-14581.18450270 2 41 54
-14650.64127189 2 34 42
-14654.41014543 2 42 54
-14697.78965024 2 25 54
-14713.23642538 2 29 54
-14780.49201701 1 54
-14800.15607421 2 35 41
-14801.26974971 1 34
-14806.94769180 2 29 41
-14818.68722854 1 41
-14848.19906373 1 25
-14880.23360679 2 29 42
-14889.26891581 1 42
-14949.74136689 1 29
-15041.51100087 1 35
-15054.14390622 1 43
-15069.42144613 0
32 4
-10655.38033495 2 33 34
-10715.24360081 1 34
-11063.15839593 1 35
-11272.70757347 0
33 7
-9729.56803182 2 32 34
-9789.43129768 1 34
-10305.67514443 2 23 35
-10360.11105777 1 35
-10683.21850371 1 42
-10684.00666832 1 41
-10696.68790441 0
34 47
-6538.58617537 3 23 33 35
-6776.78644389 3 23 32 35
-6876.82343049 2 23 35
-7547.83239495 3 32 33 35
-7701.11732040 3 22 33 35
-7746.70586563 2 33 35
-7980.91485291 2 22 35
-8003.34420305 2 32 35
-8161.55083219 2 31 35
-8209.66242455 2 27 35
-8260.97089208 1 35
-9426.26162667 3 27 32 33
-9441.50392927 2 32 33
-9833.48715776 2 31 33
-10006.89795680 3 27 33 41
-10007.06271025 2 27 33
-10020.41344620 2 26 33
-10020.41344620 2 33 40
-10067.90310901 2 33 42
-10070.59508766 2 33 41
-10086.61439994 2 33 36
-10088.15412025 1 33
-10253.42463541 2 31 32
-10357.30860441 2 27 32
-10416.31254530 2 32 42
-10420.19079628 2 32 41
-10437.94675431 1 32
-10647.45694416 2 31 41
-10664.31213461 2 31 42
-10727.25903056 1 31
-10781.43453048 2 27 42
-10781.55733515 2 27 41
-10785.56930726 1 26
-10785.56930726 1 40
-10878.43634933 2 27 43
-10881.08579056 2 36 41
-10881.96443703 2 36 42
-10902.93977852 1 42
-10904.34760189 1 27
-10905.97051103 1 41
-10925.79045843 1 36
-10972.22082162 2 24 43
-10973.80264414 1 43
-10976.01753970 1 55
-10990.97264156 1 50
-10994.79643782 1 46
-10995.41072697 0
35 47
-5622.69529570 2 23 34
-7407.43415098 2 22 34
-8014.83196563 2 34 41
-8058.96009428 2 34 42
-8128.32175468 2 20 34
-8128.32175468 2 21 34
-8151.21960030 2 34 43
-8162.82193362 1 34
-9269.14810684 3 23 32 33
-9353.37368953 2 23 33
-9536.54123393 2 23 32
-9591.81230455 3 23 27 41
-9598.04439984 2 23 41
-9622.83941860 2 23 42
-9746.74488681 2 23 27
-9750.31665126 2 23 43
-9762.70282552 1 23
-10137.35727372 2 22 33
-10253.32925063 2 22 41
-10281.47117796 2 22 42
-10320.78633276 2 22 32
-10339.57644643 2 33 41
-10376.68911741 2 33 42
-10393.77403065 2 32 33
-10437.67319629 2 22 43
-10450.94299056 1 22
-10466.51753424 2 32 41
-10505.92145312 2 32 42
-10524.48962992 2 33 43
-10546.33594516 2 27 41
-10559.80881729 2 27 33
-10560.68492187 1 33
-10583.76983541 2 31 41
-10601.38923218 2 27 42
-10602.30098973 1 41
-10639.91205048 1 42
-10660.23275732 2 32 43
-10687.71259097 1 32
-10743.04552760 2 24 43
-10789.71184903 2 27 43
-10802.14514647 1 43
-10865.08903366 1 20
-10865.08903366 1 21
-10869.35132326 1 31
-10882.35253229 1 27
-10892.88638760 1 30
-10897.26176851 0
36 323
-17.79248174 3 26 31 40
-17.96971262 3 26 27 40
-18.19106721 3 26 27 31
-18.19106721 3 27 31 40
-18.23531368 2 26 40
-18.67733252 2 26 31
-18.67733252 2 31 40
-20.61276295 2 26 27
-20.61276295 2 27 40
-23.48814614 1 26
-23.48814614 1 40
-3098.12938953 3 27 31 53
-3887.60472183 3 27 31 48
-4078.35851197 3 31 48 53
-4122.62600640 3 27 31 54
-4144.70760762 3 27 31 51
-4183.55419260 3 31 52 53
-4210.62655183 3 31 50 53
-4370.47830143 3 31 53 54
-4449.10209469 3 31 51 53
-4535.62226231 3 31 44 53
-4543.13876253 3 31 49 53
-4547.44840349 3 31 53 55
-4675.30920179 2 31 53
-4688.63539945 3 27 31 55
-4689.21127768 3 31 48 54
-4825.39755742 3 27 31 50
-4862.29125577 3 27 31 49
-4924.22639853 3 31 48 52
-4933.99799889 3 27 31 44
-4947.35501664 3 31 48 50
-4952.85699584 3 31 48 51
-4998.38636064 3 31 51 54
-5035.16684900 3 31 52 54
-5054.87469387 3 31 50 54
-5066.88405487 3 27 31 45
-5098.58093064 3 27 31 52
-5114.64047577 3 27 31 47
-5177.09003428 2 27 31
-5252.63758351 3 31 48 55
-5264.88961132 3 31 48 49
-5271.84142648 3 31 51 52
-5283.92778575 3 31 44 48
-5284.25169790 3 31 44 54
-5329.83789246 3 31 54 55
-5440.31987363 2 31 48
-5445.45867513 3 31 49 54
-5515.16885470 3 31 49 51
-5582.93888864 3 31 50 51
-5643.35951613 3 31 45 54
-5647.21446246 2 31 51
-5657.78737290 3 31 47 54
-5717.90754558 2 31 54
-5753.06354981 3 31 50 52
-5781.18131976 3 31 52 55
-5833.16905309 3 31 49 52
-5836.49951354 3 31 49 50
-5841.44733050 2 31 50
-5989.38506385 2 31 52
-6001.19094067 3 31 49 55
-6092.53178505 2 31 55
-6120.39049677 2 31 44
-6385.32765226 3 31 45 49
-6402.60565162 2 31 49
-6540.53253742 2 31 45
-6651.07670571 2 31 47
-6743.17003892 2 31 46
-6770.20081560 1 31
-8098.81725829 3 27 44 53
-8183.28838241 3 27 53 55
-8232.78489718 3 27 50 53
-8511.62119533 3 27 44 48
-8581.13805506 3 27 49 53
-8613.42692329 3 27 48 50
-8621.06300131 3 27 52 53
-8634.65866491 3 27 48 55
-8688.75458066 3 27 47 53
-8714.93878999 3 27 44 55
-8738.13970187 3 27 50 55
-8756.06521736 3 27 46 53
-8799.03237873 3 27 48 53
-8812.57038071 3 27 44 50
-8849.94726365 3 27 44 54
-8852.61825195 3 27 44 51
-8857.66888578 3 27 45 53
-8883.67037138 3 27 52 55
-8884.12940753 3 27 51 55
-8898.51319196 3 27 48 52
-8908.56131773 3 27 47 55
-8968.29621543 3 27 44 52
-9022.42400731 3 27 48 49
-9030.72758785 3 27 44 49
-9045.20278204 3 27 54 55
-9055.73867037 3 27 51 53
-9059.23151100 3 27 50 54
-9061.52382652 3 27 49 55
-9086.85385328 3 27 50 51
-9112.31379420 3 27 47 50
-9159.18000851 3 27 44 47
-9169.69908280 3 27 49 50
-9189.09980100 3 27 46 55
-9215.49134548 3 27 53 54
-9218.09681337 3 27 44 46
-9265.78018445 3 27 46 50
-9276.42161354 3 27 50 52
-9284.43473784 3 27 49 51
-9298.11136951 3 27 47 48
-9301.10736226 3 27 51 52
-9306.15622117 3 27 45 48
-9311.27824681 3 27 48 51
-9314.75023905 3 27 44 45
-9336.46948169 3 27 46 48
-9369.61695887 2 27 44
-9372.98444693 3 27 45 55
-9414.79633175 3 27 47 51
-9457.52354710 2 27 55
-9464.92669516 3 27 45 50
-9469.53239871 3 27 48 54
-9473.04435108 2 27 50
-9487.17312458 2 27 53
-9495.03956056 3 27 46 51
-9536.54084186 3 27 52 54
-9555.67780906 3 27 51 54
-9563.31781832 3 27 45 51
-9569.92584084 3 27 45 52
-9572.16646418 3 27 47 52
-9626.78356853 3 27 49 54
-9661.67809536 3 27 49 52
-9698.80814139 3 27 46 52
-9717.02506219 3 27 47 49
-9745.27508614 3 27 47 54
-9806.60183650 3 27 46 49
-9826.91686226 3 27 46 54
-9831.61997018 2 27 48
-9853.24355322 3 27 45 54
-9889.52632901 2 27 51
-9954.73871804 3 27 45 49
-10039.97515977 3 27 45 47
-10096.04882706 3 27 46 47
-10113.37345940 2 27 52
-10147.70511792 2 50 55
-10173.35222204 3 27 45 46
-10261.08288575 2 27 49
-10456.84004477 3 47 53 55
-10462.37369499 2 27 47
-10464.22141939 2 27 45
-10479.84314384 2 27 46
-10479.85706010 2 27 54
-10487.50020077 2 50 53
-10580.20864942 2 44 50
-10605.33333211 2 53 55
-10731.43865251 3 47 50 54
-10740.73625204 2 44 55
-10764.53736684 2 48 50
-10802.39453141 3 47 54 55
-10818.65191827 3 49 50 54
-10828.28203806 3 46 50 54
-10909.60849790 3 52 54 55
-10957.07925442 2 25 27
-10984.77001202 3 46 54 55
-10985.37426114 1 27
-10993.48738504 3 49 54 55
-10994.17695487 3 50 52 54
-11009.74087493 2 52 55
-11050.35421671 2 50 51
-11069.65689995 2 50 54
-11076.07226425 2 47 50
-11091.73830107 2 50 52
-11093.98206821 2 49 50
-11105.36962530 2 46 50
-11128.02113797 2 48 55
-11136.42396058 2 51 55
-11144.77420274 2 47 55
-11266.99076320 2 49 55
-11283.20539665 2 44 53
-11284.61384103 2 45 50
-11291.30035917 2 46 55
-11299.08222642 3 45 54 55
-11312.95986909 2 54 55
-11426.65044671 2 45 55
-11476.24752493 1 50
-11490.68122707 3 44 52 54
-11493.86125096 3 46 49 53
-11496.96671926 3 44 49 54
-11510.79473239 3 46 52 53
-11522.55628492 3 44 46 54
-11556.28916543 3 44 47 54
-11558.05915588 3 47 49 53
-11628.88348316 3 47 52 53
-11652.13068670 3 45 52 53
-11654.47119706 3 46 47 53
-11681.72200137 3 48 49 52
-11683.78182944 2 44 52
-11689.18166253 3 49 52 53
-11705.81684394 3 48 49 53
-11709.48005254 1 55
-11737.22734820 2 44 48
-11741.31998305 2 44 51
-11780.69580656 3 46 53 54
-11796.29069453 2 44 54
-11805.41157763 3 49 53 54
-11817.47889514 3 46 48 52
-11851.78163124 2 44 49
-11860.07914384 3 46 48 53
-11863.97242437 3 45 48 52
-11879.73272624 3 52 53 54
-11883.19277302 3 46 48 49
-11890.91268347 3 45 49 53
-11896.54507745 2 44 46
-11898.67406398 3 48 52 53
-11905.21857488 3 47 48 52
-11920.60063389 3 46 52 54
-11920.65989987 3 45 46 53
-11920.79409637 3 45 47 53
-11926.95002974 3 47 53 54
-11931.61175737 3 48 52 54
-11931.97070025 3 47 52 54
-11932.95949663 3 45 52 54
-11952.66416965 3 48 49 54
-11956.36269630 3 47 48 49
-11963.95511040 2 44 47
-11992.15402352 3 49 52 54
-11997.10018524 2 52 53
-12038.32205195 3 45 53 54
-12042.67954542 2 44 45
-12046.28046716 2 46 53
-12049.80454084 3 47 49 54
-12051.03805507 3 46 49 54
-12061.78780636 3 47 48 53
-12079.03483999 2 49 53
-12094.59724140 2 48 52
-12110.54032549 3 46 49 51
-12129.50379635 3 49 51 54
-12150.14567953 2 45 53
-12160.70886357 3 45 48 49
-12173.96460816 3 47 49 52
-12177.38321023 3 47 49 51
-12182.90456632 3 46 49 52
-12204.47010847 3 46 48 54
-12205.45014576 2 47 53
-12207.31484002 3 46 51 54
-12213.82725674 3 46 51 52
-12243.70231091 3 46 47 54
-12253.05178779 3 51 52 54
-12264.20483200 3 49 51 52
-12274.35889741 2 48 49
-12287.41149370 3 47 51 54
-12290.13460578 1 44
-12290.49555000 3 45 49 54
-12292.47769432 3 47 48 54
-12293.68350884 3 45 47 52
-12314.75176420 3 45 48 54
-12317.18266931 2 51 52
-12321.39456795 3 46 47 52
-12349.02925135 3 46 47 48
-12358.37762865 3 45 46 52
-12364.00859448 3 45 47 54
-12368.86261727 2 49 51
-12368.93077433 2 45 52
-12394.57212496 3 45 46 54
-12411.69955542 3 46 47 51
-12418.10444215 3 48 53 54
-12427.15972839 3 45 47 48
-12447.80926123 3 46 47 49
-12453.32409128 3 45 51 54
-12458.10101843 2 46 51
-12464.84059686 3 45 46 48
-12473.85483449 2 46 52
-12475.58890570 2 48 53
-12486.63113233 2 51 53
-12522.95995966 2 45 48
-12526.45968497 2 45 51
-12531.51677952 2 49 52
-12541.60815244 2 47 52
-12579.63068176 2 46 48
-12581.65578591 2 52 54
-12600.24325665 2 47 51
-12636.95639449 3 45 47 49
-12678.67775215 2 46 49
-12685.82007644 2 53 54
-12711.80939307 2 47 48
-12724.76393938 2 47 49
-12736.71187232 2 49 54
-12795.00491840 2 46 54
-12803.80599478 2 48 51
-12818.51738264 2 51 54
-12842.32305034 2 45 49
-12853.09586145 2 45 54
-12883.25233242 3 45 46 47
-12902.90464230 2 47 54
-12939.37868336 2 45 46
-12942.43987647 2 45 47
-12943.33305601 2 46 47
-12971.59835766 2 48 54
-13030.58044981 1 53
-13149.85780604 1 51
-13161.52304106 1 52
-13338.31279686 2 29 49
-13342.24914403 1 49
-13345.63156321 1 48
-13412.49978536 2 29 46
-13413.25815409 2 41 46
-13414.53964329 2 34 46
-13414.91226955 1 46
-13445.95860991 1 45
-13596.78423437 2 29 47
-13608.31023192 2 34 47
-13608.43681549 1 47
-13644.51921891 2 34 54
-13646.81083168 2 29 54
-13646.97434226 2 41 54
-13672.80786707 2 42 54
-13707.12792207 1 54
-14080.98883657 1 29
-14094.87972166 2 34 41
-14108.71347984 2 41 42
-14112.51260134 2 34 42
-14113.77970173 1 34
-14119.76444213 1 41
-14133.48794283 1 42
-14140.97088087 1 25
-14170.59917569 1 30
-14183.39997027 0
37 5
-9866.44138637 2 38 39
-10555.06934949 1 39
-11688.34946062 1 41
-11700.34976158 1 42
-11740.48438197 0
38 6
-10111.56049614 2 37 39
-10800.18845925 1 39
-12820.87677459 1 41
-12844.27177784 1 42
-12935.22253883 1 43
-12935.51438844 0
39 12
-9599.08737543 2 37 38
-11386.47784410 2 38 41
-11414.86074804 2 38 42
-11518.10817832 1 38
-12276.10722578 2 37 41
-12315.48804913 2 37 42
-12468.01907502 1 37
-13289.91822447 1 41
-13342.62585512 1 42
-13545.50947992 2 24 43
-13583.65790673 1 43
-13653.43410750 0
40 434
-26.59846869 3 26 31 36
-26.93059259 3 26 27 31
-27.04121902 3 26 27 36
-27.48331946 2 26 31
-27.70412775 2 26 36
-29.68426935 2 26 27
-32.95696021 1 26
-1011.78375775 3 31 36 53
-1172.64006442 3 31 36 55
-1195.37016182 3 31 36 50
-1280.80875353 3 31 36 47
-1359.42455627 3 31 36 48
-1426.10207408 3 31 36 49
-1439.14898507 3 31 36 52
-1482.76433346 3 31 36 51
-1487.72928150 3 31 36 44
-1589.24122319 3 27 31 36
-1589.64580549 2 31 36
-4048.82532215 3 27 31 53
-4996.73317602 3 31 48 53
-5156.38476207 3 31 52 53
-5162.25823756 3 31 50 53
-5182.68497455 3 27 31 48
-5196.85168455 3 36 48 53
-5311.65232192 3 36 53 55
-5360.21079130 3 31 53 54
-5361.59166678 3 27 36 53
-5379.62657071 3 31 53 55
-5481.93586470 3 31 49 53
-5486.71456025 3 31 51 53
-5536.46031824 3 31 47 53
-5542.86757023 3 27 31 51
-5584.66903728 3 36 48 55
-5589.01278579 3 36 49 53
-5623.65649529 2 31 53
-5639.59301730 3 27 36 55
-5652.35971475 3 27 36 48
-5693.15927914 3 27 31 54
-5756.10153567 3 36 52 53
-5767.38949196 3 27 31 55
-5804.73464812 3 36 49 55
-5809.07208633 3 27 36 44
-5902.40216175 3 36 45 53
-5906.42620148 3 27 31 50
-5918.49790324 3 36 50 53
-5977.40073633 3 36 44 53
-5988.90472071 3 36 46 53
-6025.80048426 3 31 48 54
-6089.92214245 3 31 48 50
-6090.77696980 3 27 36 49
-6159.19651407 3 27 36 45
-6170.28779104 3 36 46 55
-6186.50311112 3 27 36 50
-6190.81551819 3 36 47 53
-6193.35157124 3 27 36 52
-6194.25540526 3 31 48 52
-6198.03529470 3 36 52 55
-6210.87502602 3 31 50 54
-6231.21281089 3 36 53 54
-6242.61995322 3 27 31 49
-6243.96235377 3 27 36 46
-6271.97208298 3 36 46 48
-6290.41810059 3 31 48 51
-6291.14684276 3 36 54 55
-6317.08595295 3 27 31 44
-6320.70542492 3 36 44 48
-6328.77588461 3 31 48 55
-6331.52791719 3 36 45 55
-6333.39166805 3 36 48 49
-6340.45619489 3 36 47 55
-6346.38091044 3 27 31 47
-6387.74448984 3 36 48 50
-6428.96166499 3 27 36 47
-6441.00547254 3 36 45 48
-6450.95536232 3 31 52 54
-6456.04387335 3 31 51 54
-6459.69036843 3 31 54 55
-6470.12709603 3 27 31 52
-6504.83510646 3 31 48 49
-6509.03496791 3 36 44 55
-6510.46599228 3 36 47 48
-6536.74148951 3 36 49 50
-6554.61436787 3 36 48 54
-6560.83577720 3 36 48 52
-6573.07596838 3 27 36 54
-6581.58102072 3 36 51 53
-6605.03255728 2 36 53
-6641.92063457 3 31 44 48
-6652.47099236 3 31 47 48
-6659.66683084 3 36 50 55
-6669.48032043 3 27 31 45
-6679.86304557 3 36 49 52
-6685.26149980 3 31 51 52
-6688.98622595 3 36 44 49
-6698.30677679 2 36 55
-6733.06630808 2 31 48
-6742.24713818 3 31 44 54
-6744.54670817 3 36 46 50
-6748.14019026 2 27 31
-6814.56029749 3 36 50 54
-6831.07004175 3 36 45 49
-6850.26794886 3 31 49 54
-6858.74898382 3 31 49 51
-6864.78121753 3 27 36 51
-6889.70448622 3 31 50 51
-6890.93299999 3 36 46 52
-6897.75223255 3 36 46 49
-6905.02530118 3 31 52 55
-6916.85556430 3 31 47 54
-6918.71677470 2 31 50
-6926.06838548 3 36 47 49
-6933.47430444 3 31 51 55
-6941.78673237 3 36 44 52
-6942.92005977 3 36 47 50
-6973.99326621 3 36 50 52
-6984.31783343 3 36 45 50
-7001.36427587 3 31 47 51
-7030.12663883 3 36 48 51
-7042.35769720 2 31 51
-7056.22546659 3 31 49 55
-7090.18317518 3 36 44 54
-7103.81363522 3 36 44 47
-7117.75884409 3 36 49 54
-7120.94407230 2 36 48
-7123.91596891 3 31 49 52
-7130.43944265 3 36 45 52
-7141.56430782 3 36 47 52
-7148.54142745 3 36 45 46
-7161.30630965 3 36 44 46
-7166.54653439 3 36 52 54
-7169.61354587 2 31 55
-7190.47681574 3 36 44 45
-7219.43875737 3 36 45 47
-7259.28416680 3 31 47 52
-7259.34199579 3 36 44 50
-7281.16865152 3 31 45 54
-7282.34193929 3 36 46 47
-7287.58517227 2 31 54
-7312.31720386 3 36 49 51
-7322.26388841 3 27 34 36
-7340.04012337 2 36 50
-7349.49686327 3 36 45 54
-7358.61256396 2 31 52
-7358.95196955 3 27 36 41
-7392.22219893 3 25 27 36
-7397.12337055 3 27 36 42
-7404.49765459 2 27 36
-7453.18877468 3 36 46 54
-7477.66172916 2 36 44
-7499.69597359 2 31 44
-7570.01325383 3 31 47 49
-7597.67012068 3 36 46 51
-7617.41634070 3 36 51 52
-7657.99538715 3 36 47 54
-7682.82603068 3 36 45 51
-7707.71343699 2 36 49
-7733.98256668 2 36 52
-7781.30857288 2 31 49
-7809.63384589 2 36 45
-7814.55994759 3 36 47 51
-7825.21542503 3 36 51 54
-7881.22660287 2 31 47
-8011.85776998 2 36 46
-8140.80597667 2 31 45
-8150.13515677 2 36 47
-8296.32409034 2 31 46
-8341.16928857 1 31
-8355.12349614 3 36 41 54
-8356.72705668 2 36 54
-8358.37083920 2 36 51
-9081.50640246 2 36 41
-9119.26711398 2 34 36
-9139.63055438 2 36 42
-9153.39468321 2 25 36
-9224.94225626 1 36
-12489.75300191 3 27 53 55
-12612.18074707 3 27 44 53
-13011.61017287 3 27 50 53
-13045.43649801 3 27 48 53
-13122.77183711 3 27 48 55
-13127.93379665 3 27 44 48
-13135.55047248 3 27 49 53
-13250.08425845 3 27 52 53
-13435.48770177 3 27 46 53
-13498.91477445 3 27 45 53
-13578.82153138 3 27 47 53
-13632.04798427 3 27 44 55
-13663.42597099 3 27 48 50
-13680.92042017 3 27 49 55
-13805.94136168 3 27 48 49
-13897.85885660 3 27 52 55
-13908.47315325 3 27 48 52
-13913.73704953 3 27 44 49
-14024.90358828 3 27 46 48
-14035.87854914 3 27 46 55
-14038.72636245 3 27 47 55
-14066.02833764 3 27 50 55
-14101.95731380 3 27 53 54
-14117.59637649 3 27 44 54
-14121.63332981 3 27 44 52
-14128.84216409 3 27 54 55
-14142.95535466 3 27 45 48
-14213.82071356 3 27 47 48
-14255.91211831 3 27 44 50
-14329.94835770 3 27 49 50
-14357.56042627 3 27 45 55
-14366.03340350 3 27 51 53
-14398.04709022 3 27 44 47
-14439.65339600 3 27 48 54
-14477.71876583 3 27 44 46
-14503.67937759 3 27 44 45
-14520.38226100 3 27 50 54
-14542.24423922 3 27 46 50
-14552.98332334 3 27 51 55
-14655.95118931 3 27 47 50
-14701.03221731 3 27 44 51
-14740.22319629 3 27 49 52
-14783.99416399 2 27 53
-14797.36897032 3 27 50 52
-14854.26743363 3 27 48 51
-14899.04270787 3 27 45 50
-14906.12148426 3 27 46 52
-14973.71764688 3 27 47 49
-14999.04556483 3 27 46 49
-15000.35706622 2 27 55
-15030.52249768 3 27 47 52
-15035.91649214 3 27 45 52
-15044.09051461 3 27 52 54
-15044.44687817 3 27 49 51
-15069.08376745 2 27 44
-15073.95652760 3 27 49 54
-15089.98187817 3 27 45 49
-15324.29865650 3 49 53 55
-15344.17084169 3 27 51 52
-15395.61245760 3 27 46 51
-15409.29132475 3 27 50 51
-15415.92197316 2 27 48
-15460.54251527 3 27 45 54
-15462.79234254 3 27 46 54
-15506.87976136 3 27 45 46
-15512.67627838 3 27 45 47
-15540.22483067 2 27 50
-15551.66847047 3 27 45 51
-15577.27916262 3 27 47 51
-15579.05019533 3 27 46 47
-15592.98442449 2 53 55
-15609.10959633 3 27 47 54
-15751.06515764 3 27 51 54
-16012.80929326 2 50 53
-16232.68967147 2 50 55
-16235.37511164 2 27 52
-16303.01325454 2 27 49
-16330.09817252 3 48 49 55
-16353.62820337 3 48 54 55
-16367.73468404 2 48 55
-16413.72663700 3 49 54 55
-16469.46161257 3 48 49 53
-16553.67586826 2 27 45
-16641.39708375 3 52 54 55
-16665.26586144 2 27 51
-16673.31438559 2 27 46
-16679.58553385 3 46 48 53
-16708.86895570 2 44 55
-16714.40635464 3 46 49 53
-16717.91074366 3 48 50 54
-16726.91994420 3 49 52 53
-16732.38301829 3 47 49 55
-16733.35102854 2 48 50
-16788.52065455 3 49 52 55
-16812.05689632 3 47 54 55
-16819.80959352 2 49 55
-16827.82878465 3 46 54 55
-16839.14763629 2 27 47
-16842.38737188 3 46 52 53
-16853.10107896 2 52 55
-16865.73272916 3 49 50 54
-16881.91131429 2 44 53
-16906.14274750 3 47 49 53
-16968.20786421 3 48 52 53
-17014.99515836 2 27 54
-17061.87787150 3 45 49 53
-17092.33135488 3 49 53 54
-17123.17430088 3 46 50 54
-17141.04849353 3 47 48 53
-17181.20672930 2 44 50
-17192.41535452 3 45 48 53
-17203.21913357 2 46 55
-17221.95529396 2 47 55
-17224.65814974 3 47 52 53
-17269.79832796 3 47 50 54
-17280.77736714 3 45 54 55
-17284.70814999 3 45 52 53
-17288.21558266 3 52 53 54
-17305.63806332 3 48 53 54
-17319.28408680 2 49 50
-17392.11191260 3 46 47 53
-17411.46742540 2 45 55
-17417.75234398 2 54 55
-17431.84539490 3 50 52 54
-17436.46099393 2 48 53
-17481.65669283 3 45 46 53
-17495.20812910 3 46 53 54
-17499.46820581 2 49 53
-17510.78398720 2 52 53
-17535.26264408 2 46 50
-17620.35269044 3 45 47 53
-17627.40169618 2 50 52
-17656.00494407 2 50 54
-17661.48842869 2 51 55
-17669.53371989 2 44 48
-17675.60549835 3 45 53 54
-17679.12830431 3 48 49 52
-17692.96480607 2 47 50
-17733.18622953 3 46 48 49
-17741.75298555 3 46 48 52
-17818.17533211 2 45 53
-17834.99512705 3 48 49 54
-17836.95816352 2 45 50
-17839.72768663 3 47 53 54
-17843.03376103 3 47 48 49
-17860.13937324 2 46 53
-17870.71896535 3 44 49 54
-17974.99099679 3 48 52 54
-18052.69111768 3 46 48 54
-18094.50665266 3 44 52 54
-18101.53968465 3 47 48 52
-18154.31379827 3 45 48 49
-18217.89587014 2 47 53
-18219.52503536 3 49 52 54
-18225.82031729 2 44 52
-18240.93921350 2 25 27
-18242.15551446 2 44 49
-18256.96455498 3 46 47 48
-18265.19836433 2 27 34
-18299.14268009 2 27 41
-18309.22985340 1 55
-18316.87347651 3 45 48 52
-18329.17866118 2 27 42
-18329.35002750 3 46 49 52
-18331.63519114 2 50 51
-18369.25915278 1 27
-18372.99405189 3 46 52 54
-18379.62854428 3 45 48 54
-18390.68749195 3 44 47 54
-18400.07794031 2 48 52
-18411.99856224 3 47 48 54
-18431.03785882 2 48 49
-18444.14721742 3 47 49 52
-18445.34538456 3 44 46 54
-18481.13316953 3 45 46 48
-18534.50488700 3 46 49 54
-18576.38915310 3 45 47 48
-18591.97677778 3 47 49 54
-18666.02684454 3 47 52 54
-18667.98069842 3 45 52 54
-18670.01369901 2 46 48
-18675.99070191 2 44 54
-18695.13608518 1 50
-18709.62607997 3 45 49 54
-18711.77249450 2 45 48
-18751.17623949 2 44 46
-18757.80216733 2 44 47
-18759.76431445 2 51 53
-18789.72850909 2 53 54
-18828.55052534 2 44 45
-18831.52874560 3 45 49 52
-18853.03936966 3 46 47 49
-18870.61576819 3 46 47 52
-19007.01903276 2 44 51
-19014.13676625 3 49 51 54
-19029.73538040 2 49 52
-19034.16697457 2 47 48
-19037.91401137 3 45 46 52
-19038.05425854 3 46 49 51
-19051.38191221 3 45 47 49
-19124.27226527 3 45 46 49
-19130.82492116 3 47 49 51
-19143.08612250 3 45 46 54
-19153.54558020 3 46 47 54
-19175.08479956 2 46 52
-19188.48122262 3 45 47 52
-19239.03968981 2 45 52
-19242.59400041 3 45 47 54
-19394.02360696 2 48 54
-19408.85393116 3 46 51 54
-19436.67713205 3 51 52 54
-19439.59919990 2 46 49
-19451.30807448 2 49 51
-19486.89257757 2 47 52
-19490.08410727 2 45 49
-19513.89736230 2 47 49
-19515.81981574 2 48 51
-19568.84758172 1 53
-19601.95126624 2 51 52
-19609.50387792 2 52 54
-19640.58219547 3 45 46 47
-19656.42246373 1 44
-19714.92859689 3 46 47 51
-19729.63403008 3 47 51 54
-19757.48111158 2 49 54
-19773.63622818 3 45 51 54
-19817.81890647 2 46 51
-19878.21116610 2 45 51
-19899.75924261 2 45 46
-19968.77572190 2 45 47
-20067.10565834 2 45 54
-20082.24654140 2 46 47
-20147.92640337 2 46 54
-20167.09250189 2 47 51
-20396.45532334 1 48
-20458.88061318 2 47 54
-20472.82281388 2 51 54
-20822.02014470 1 52
-20951.47986532 2 41 49
-20998.95332493 1 49
-21183.71304909 1 45
-21332.05374730 2 41 46
-21374.08154412 1 46
-21417.06181916 1 51
-21681.54733799 2 41 47
-21704.10004657 1 47
-21893.52453096 2 41 54
-21923.13584300 2 34 54
-21967.26224899 2 42 54
-22006.99815106 2 29 54
-22023.40410922 1 54
-23061.13590941 2 34 41
-23143.42054538 1 41
-23149.46331683 2 34 42
-23175.01266068 1 34
-23183.86985926 1 25
-23215.23512145 1 42
-23257.02504317 1 29
-23384.85408040 0
41 72
-2457.99911821 2 27 42
-2468.81923287 2 36 42
-2478.52992156 2 31 42
-2493.59369586 1 42
-5041.52444804 3 24 27 43
-5066.22492885 3 24 39 43
-5069.76574932 2 24 43
-6158.95490144 3 14 27 43
-6182.94535029 3 14 39 43
-6189.28098652 3 14 35 43
-6195.71870896 2 14 43
-6446.05219273 3 13 27 43
-6449.40965691 3 13 35 43
-6465.21544953 3 13 39 43
-6476.40726454 2 13 43
-6501.45102995 3 27 39 43
-6514.35576213 3 27 35 43
-6527.30159909 3 35 39 43
-6528.78481173 2 39 43
-6549.99204081 3 19 27 43
-6561.64956131 3 19 35 43
-6581.29894850 2 19 43
-6588.12244656 3 16 27 43
-6590.37390155 2 35 43
-6622.91951604 2 16 43
-6623.04697920 2 31 43
-6643.63663905 2 27 43
-6698.04912404 2 38 43
-6723.51177907 2 34 43
-6723.77878904 2 40 43
-6723.77878904 2 26 43
-6734.96201607 1 43
-8452.29186174 3 27 35 39
-8572.24608187 2 35 39
-8662.84200615 2 31 35
-8696.54075121 2 27 39
-8706.42666811 2 27 35
-8710.36748065 2 31 39
-8775.79917239 2 26 35
-8775.79917239 2 35 40
-8805.79551125 2 34 39
-8816.98496215 2 23 39
-8835.64182856 1 39
-8848.49535909 2 35 38
-8868.62140760 2 31 34
-8880.83341954 2 35 36
-8904.19693282 1 35
-8919.65298851 2 27 34
-8946.27387727 2 27 31
-8948.42349400 1 31
-8954.87409352 2 27 38
-8957.72417658 1 40
-8957.72417658 1 26
-8990.97739706 2 23 27
-9011.79898627 2 27 37
-9042.44325524 1 27
-9058.62895397 2 34 38
-9063.47010996 2 23 34
-9075.01857274 2 23 38
-9084.52009774 1 38
-9090.81751558 2 34 36
-9109.71749564 1 34
-9126.96339402 1 23
-9135.52218345 1 36
-9147.02279024 1 37
-9181.06162489 1 53
-9183.74733702 1 55
-9186.47647550 1 33
-9192.71187091 1 50
-9193.77421449 1 20
-9193.77421449 1 21
-9199.15771159 0
42 75
-1146.43897672 3 24 41 43
-1588.62851535 3 14 41 43
-1815.82134988 3 13 41 43
-1844.95391894 2 41 43
-2685.70093826 2 36 41
-2696.75190055 1 41
-3577.61522030 3 24 39 43
-3635.21426041 3 24 35 43
-3647.30612423 3 24 27 43
-3658.12325205 2 24 43
-5086.61724943 3 14 39 43
-5127.90057415 3 14 35 43
-5156.95884917 3 14 27 43
-5182.05654670 2 14 43
-5608.13108153 3 13 39 43
-5621.44277379 3 13 35 43
-5624.65778530 3 13 19 43
-5639.89229751 3 13 16 43
-5655.72281879 3 13 27 43
-5665.37543908 2 13 43
-5768.09753686 3 19 39 43
-5784.28829794 3 19 35 43
-5807.38253355 3 19 27 43
-5810.63109743 3 16 39 43
-5821.14712959 2 19 43
-5831.22175542 3 16 35 43
-5851.40811848 3 16 27 43
-5853.67467047 3 35 39 43
-5865.21287645 3 27 39 43
-5869.60330464 2 16 43
-5872.64272701 2 39 43
-5892.36459221 3 27 35 43
-5934.66288577 2 35 43
-5983.96289925 3 27 34 43
-5985.22281256 2 31 43
-6004.53283900 2 27 43
-6023.76503078 2 38 43
-6028.64748131 2 34 43
-6034.72986264 2 18 43
-6061.03942279 1 43
-8829.12320471 3 27 35 39
-8879.38768756 2 35 39
-8997.14251981 2 31 35
-9000.26726281 2 27 39
-9006.43742386 2 27 35
-9051.57881475 2 31 39
-9061.38461671 2 34 39
-9091.50766390 1 39
-9114.74054492 2 26 35
-9114.74054492 2 35 40
-9117.56919432 2 35 38
-9144.96619825 1 35
-9159.21649001 2 31 34
-9164.48765256 2 27 34
-9214.95953102 2 27 31
-9222.16338596 1 31
-9223.92412990 2 27 38
-9232.69695734 1 40
-9232.69695734 1 26
-9250.98665143 2 23 27
-9272.68827677 2 27 37
-9282.70692978 2 34 38
-9283.67720740 2 23 34
-9287.40072397 1 27
-9308.57786744 2 34 36
-9309.84496783 1 34
-9311.07330569 1 38
-9346.60802290 1 23
-9352.40388883 1 36
-9362.18129590 1 37
-9388.84651559 1 33
-9395.30961083 1 53
-9402.13213960 1 20
-9402.13213960 1 21
-9402.31591628 0
43 75
-14.71628056 2 24 42
-1630.99794868 2 24 41
-5488.20517129 2 14 42
-5533.47648437 3 24 27 35
-5571.76776059 3 24 35 39
-5604.69156724 2 24 35
-5623.95037546 3 24 27 39
-5642.66575910 2 24 39
-5661.06868679 3 24 27 34
-5703.59331304 2 24 27
-5733.32723642 2 24 31
-5735.42877081 2 24 34
-5753.93514501 2 23 24
-5762.43622495 2 24 38
-5778.52147174 1 24
-6183.39370663 3 13 19 42
-6212.97029794 3 13 16 42
-6344.78078988 2 13 42
-6572.69153832 3 16 19 42
-6589.88776482 3 15 19 42
-6668.42811805 2 19 42
-6704.31113082 2 14 41
-6748.14688864 3 15 16 42
-6797.21139899 2 16 42
-7283.76040069 2 18 42
-7298.61180155 3 13 19 41
-7314.29720676 3 13 16 41
-7357.62176893 2 13 41
-7400.34832741 1 42
-7605.48807928 3 16 19 41
-7631.46758234 2 19 41
-7753.59544186 2 16 41
-8191.48612350 2 18 41
-8277.42912538 1 41
-9650.93839124 2 14 35
-9694.99189255 2 14 27
-9700.20348405 2 14 39
-9727.86043474 1 14
-10038.29510099 2 13 35
-10040.19276613 2 13 19
-10058.83665825 2 13 16
-10069.72252683 2 13 27
-10085.70601453 2 13 39
-10101.01569420 1 13
-10211.77163474 2 19 35
-10216.51089625 2 16 19
-10240.56609071 2 19 27
-10241.98034021 2 15 19
-10249.97067917 2 19 39
-10268.05238564 1 19
-10290.20015947 2 16 35
-10326.62643180 2 16 27
-10331.26999824 2 15 16
-10337.21064778 2 16 39
-10350.09388166 1 16
-10605.87685313 2 27 35
-10620.41611071 2 18 35
-10637.61104086 2 35 39
-10646.50819887 1 35
-10649.64608199 2 18 27
-10658.40759259 2 27 39
-10666.24923202 2 18 39
-10670.76369079 1 18
-10671.84862014 1 39
-10672.60628383 2 27 34
-10697.24564623 2 23 27
-10698.51753639 1 27
-10718.67968825 1 23
-10720.01673807 1 34
-10726.34728101 1 31
-10736.99785704 1 12
-10741.10070842 1 20
-10741.10070842 1 21
-10741.33297130 1 38
-10741.62482091 0
44 47
-15531.00946707 1 26
-15531.00946707 1 40
-15820.67303992 2 31 36
-16098.64201077 2 27 31
-16470.48335875 1 31
-17165.04270228 3 27 36 54
-17199.24319698 3 27 36 46
-17252.85110863 2 27 36
-17260.91495784 2 36 46
-17261.31938893 2 36 54
-17325.46846994 2 36 53
-17366.17571924 1 36
-18460.98952745 2 27 46
-18469.40668860 2 27 55
-18511.31066103 1 55
-18590.76322840 2 46 49
-18629.61764105 2 27 49
-18659.35613890 2 27 45
-18681.15943401 2 27 52
-18691.69214712 2 27 53
-18715.50918095 2 46 52
-18717.02370044 2 27 47
-18717.03851061 2 46 53
-18726.26756560 2 45 46
-18742.20336480 2 46 54
-18760.77250796 2 46 47
-18779.28214995 1 46
-18780.77371299 2 45 49
-18794.95249873 2 27 54
-18801.30348585 1 50
-18804.30455708 2 47 49
-18816.11343120 2 49 53
-18821.61815758 1 45
-18827.49388295 2 27 48
-18848.21166437 2 49 54
-18868.60841090 1 27
-18890.86100694 1 49
-19021.78097292 2 52 54
-19023.50217386 1 52
-19043.43832947 2 53 54
-19072.84352310 1 53
-19086.93002243 2 47 54
-19112.57412025 1 47
-19129.73838386 1 48
-19172.15661648 1 54
-19224.67232951 1 51
-19259.44108373 0
45 65
-11388.67182763 1 26
-11388.67182763 1 40
-11413.34606121 2 31 36
-11542.63784610 2 27 31
-11643.01433939 1 31
-12509.08293326 3 27 36 54
-12563.28756758 3 27 36 53
-12614.41616579 3 27 36 52
-12625.80653466 3 27 36 46
-12642.87352289 2 36 54
-12664.83362471 3 27 36 49
-12668.60503376 2 36 52
-12689.17678886 3 27 36 47
-12698.47206383 3 27 36 48
-12703.65933349 2 27 36
-12706.03248519 2 36 53
-12706.56266885 2 36 46
-12710.35815246 2 36 49
-12734.83672779 2 36 48
-12752.72285846 2 36 55
-12794.99375678 2 36 47
-12852.37149858 1 36
-12852.90251633 3 27 46 49
-12887.20769549 2 27 55
-12932.29745646 2 27 46
-12947.83949082 2 46 49
-12962.70996543 3 27 47 49
-12965.70910180 3 27 49 54
-12971.17779243 2 27 49
-12976.03197707 2 46 55
-12984.34718964 2 49 55
-13015.55990323 2 27 44
-13035.55246429 1 55
-13100.19695220 2 44 49
-13106.74851104 3 27 47 54
-13111.57532409 2 27 47
-13117.86662905 2 46 50
-13122.53169973 2 47 49
-13129.08167069 2 44 46
-13129.93254078 2 46 47
-13135.69644014 2 27 54
-13148.64553453 2 27 50
-13150.67118014 2 46 54
-13151.98993279 1 44
-13157.86378436 2 27 52
-13164.58715251 2 46 52
-13168.30110383 2 49 54
-13182.09625504 1 46
-13192.36828369 2 49 50
-13192.79180637 2 27 53
-13209.82732841 2 50 54
-13210.28424615 1 49
-13223.93581284 2 27 48
-13224.81217523 1 27
-13232.05023869 1 50
-13402.90179972 2 52 54
-13406.25505378 2 47 52
-13410.45410188 2 47 54
-13460.99069581 1 47
-13461.19730049 1 52
-13475.45808653 2 48 54
-13496.90558351 1 54
-13557.50833134 1 48
-13586.46725546 1 53
-13589.81285894 0
46 61
-8541.74975853 1 40
-8541.74975853 1 26
-8572.12612310 2 27 31
-8592.16983903 2 31 36
-8619.20061570 1 31
-9496.70276493 3 27 36 53
-9557.30259601 2 36 53
-9568.55469174 3 27 36 54
-9597.64002520 3 36 49 54
-9607.14232069 2 36 54
-9631.48399575 3 27 36 49
-9638.22576434 2 36 45
-9641.02803697 2 36 49
-9678.77383268 2 36 44
-9693.79597182 3 27 36 47
-9715.55670362 2 36 55
-9718.68705377 2 36 47
-9744.47846683 2 27 36
-9784.03459408 1 36
-9842.39070067 2 27 44
-9881.82642821 3 27 47 49
-9937.17163972 3 27 45 47
-9957.49486535 2 27 45
-10004.50165031 2 44 49
-10031.98920095 2 44 47
-10039.45175099 2 49 55
-10042.15467352 2 45 49
-10049.45509892 2 44 45
-10052.73265823 2 45 47
-10060.12083974 2 27 47
-10060.81272925 2 27 55
-10068.99963909 2 47 49
-10072.36336101 1 44
-10074.21590977 2 45 55
-10075.43517605 2 47 55
-10079.18526815 3 27 49 54
-10085.96504501 2 27 49
-10133.73639700 1 55
-10144.80569090 1 45
-10196.13445599 2 47 50
-10221.49488958 2 27 54
-10222.02645857 2 27 50
-10227.81067214 2 27 53
-10235.04253489 2 49 50
-10237.82564940 2 27 52
-10250.00958412 1 27
-10283.31384245 2 49 54
-10291.16285679 2 50 54
-10300.82233818 1 50
-10304.59942885 1 49
-10308.68192656 2 47 52
-10370.95389355 2 47 54
-10383.79081325 1 47
-10475.65760345 2 52 54
-10505.70035412 1 52
-10508.71232528 2 53 54
-10519.26532436 1 54
-10541.60257865 1 53
-10551.90800565 1 34
-10552.16670870 1 29
-10552.52229480 0
47 41
-9276.28965915 1 40
-9276.28965915 1 26
-9651.68691605 2 31 36
-9726.36125280 2 27 31
-9770.81102594 1 31
-10024.81043048 3 27 36 53
-10081.84016325 3 27 36 54
-10096.01594047 2 36 53
-10144.55006458 2 36 54
-10245.83495456 3 27 36 46
-10252.29167971 3 27 36 55
-10282.03490495 3 27 36 45
-10291.45534489 2 36 55
-10296.51744957 2 27 36
-10316.73299789 2 36 46
-10318.96214098 2 36 52
-10324.70279639 2 36 45
-10326.69695118 2 36 48
-10345.89782675 2 36 49
-10382.08053819 1 36
-10629.62927134 2 27 46
-10667.93330525 2 27 44
-10706.28116457 2 27 45
-10727.78324164 2 46 49
-10736.14849717 2 45 46
-10741.85860203 2 46 52
-10769.80256943 2 44 46
-10785.18079567 2 46 50
-10788.31221143 1 46
-10801.25390908 2 27 55
-10810.17672949 1 44
-10816.42213722 2 27 54
-10819.51801572 1 27
-10828.22152984 1 45
-10856.16119469 1 55
-10889.86867786 1 50
-10895.64260076 2 49 53
-10921.14624452 1 53
-10938.87702960 1 52
-10948.77334436 1 54
-10957.04369298 0
48 53
-9678.61615989 1 40
-9678.61615989 1 26
-10008.86973637 2 31 36
-10922.89476306 3 27 31 53
-10937.22505800 2 31 53
-11171.18955394 3 27 31 54
-11196.05569231 2 31 54
-11244.84559168 3 27 36 53
-11286.37808500 3 27 36 49
-11316.72109705 2 27 31
-11338.75067833 1 31
-11351.88113905 3 27 36 52
-11436.24399627 3 27 36 54
-11474.13053641 2 36 49
-11492.78221381 3 27 36 45
-11497.96948347 2 27 36
-11516.83891559 2 36 52
-11699.21463685 2 36 53
-11711.71173910 2 36 45
-11725.87686596 2 36 54
-11766.47004581 2 36 55
-11773.86292288 2 36 47
-11829.24650989 1 36
-11892.37901124 3 27 53 54
-11932.98633753 2 27 53
-12143.68234847 2 53 55
-12182.48633627 2 51 54
-12182.72413966 2 51 53
-12186.43777902 2 49 53
-12191.05330268 2 53 54
-12234.56670421 2 54 55
-12240.44397164 2 52 53
-12245.88115105 1 51
-12254.20618095 1 53
-12331.71644732 2 49 54
-12340.75968484 2 49 55
-12347.92896039 1 55
-12378.54300548 2 52 54
-12414.00902680 2 50 54
-12433.11425224 2 44 54
-12439.95893338 2 45 54
-12446.56865765 2 27 54
-12461.40643037 1 54
-12525.03696344 2 27 49
-12537.31221707 1 44
-12542.02078303 1 49
-12559.56661299 1 50
-12566.74140650 2 27 52
-12583.76471525 1 52
-12634.71038935 1 45
-12637.42260711 1 25
-12651.72377442 1 27
-12667.01491695 0
49 70
-8578.16605516 1 40
-8578.16605516 1 26
-8801.17277657 2 31 36
-9108.60945364 2 31 53
-9126.74928914 2 27 31
-9168.76794054 1 31
-9639.48413896 3 27 36 53
-9720.10757241 3 27 36 48
-9767.80001090 2 36 48
-9790.90917296 3 27 36 54
-9818.70449980 3 27 36 46
-9892.87326210 3 27 36 45
-9931.69897088 2 27 36
-9964.86723020 3 36 46 54
-9971.28991860 2 36 53
-9974.36952569 2 36 54
-9979.90942728 2 36 46
-9980.90263827 2 36 45
-10037.00900599 2 36 52
-10086.73327294 2 36 47
-10092.55092437 2 36 55
-10122.91598439 1 36
-10373.95520266 3 27 45 52
-10380.07322506 3 27 46 52
-10402.35596345 2 27 45
-10416.21658500 2 27 52
-10416.99957641 2 27 44
-10422.34899238 2 45 52
-10430.88289735 2 27 55
-10440.75556771 2 46 55
-10442.47762153 3 27 46 48
-10466.69236967 3 27 46 53
-10478.79386015 2 27 50
-10481.88718045 2 45 46
-10482.37101369 2 46 52
-10483.83493906 2 45 55
-10491.94580714 2 27 46
-10496.87599608 2 46 50
-10501.52180167 2 52 55
-10522.97384437 2 45 50
-10527.62502313 2 44 46
-10527.87093816 2 48 55
-10529.30353528 2 27 48
-10535.04021371 1 55
-10536.84436739 2 44 52
-10543.69375325 2 44 45
-10545.51920848 2 27 53
-10562.65579937 1 50
-10566.39871532 2 45 48
-10584.53819784 1 45
-10595.48673383 1 44
-10609.19934325 2 46 48
-10643.98266453 2 27 54
-10644.09946859 2 52 53
-10651.78410287 2 48 52
-10653.30906985 2 52 54
-10655.61497489 2 46 47
-10655.99034626 1 27
-10667.01526752 1 52
-10691.98261488 2 46 53
-10708.83409354 2 46 54
-10716.14394467 1 46
-10815.09559240 2 48 54
-10839.07267670 1 48
-10897.33188465 2 47 53
-10922.83552841 1 53
-10944.78557544 1 54
-10960.99322792 1 51
-10963.65455052 1 29
-10964.06681063 0
50 44
-14382.94943481 1 40
-14382.94943481 1 26
-14985.52572838 2 31 36
-15376.28997618 2 27 31
-15741.31183253 2 27 36
-15914.27921348 1 31
-16258.58171292 2 36 53
-16327.42483928 2 36 55
-16365.51498468 1 36
-16946.22850137 2 27 52
-16951.68088493 2 27 55
-17076.44525648 2 27 49
-17158.22311057 2 27 53
-17177.47510189 2 27 45
-17187.69497210 2 27 44
-17204.43983866 2 27 48
-17225.65861704 2 27 46
-17233.31631332 2 27 51
-17253.64174259 1 27
-17889.19977390 1 55
-18452.60327976 2 49 52
-18516.35863698 2 45 52
-18518.69804079 2 46 52
-18523.62969154 2 52 53
-18533.16514152 2 49 53
-18546.11803213 1 52
-18601.69952481 2 46 49
-18614.52983214 1 44
-18653.34045630 2 45 49
-18671.25641877 1 49
-18687.02283579 2 45 53
-18706.60456912 2 46 53
-18714.90480977 1 45
-18801.66196196 1 53
-18817.83605765 2 46 47
-18820.96747340 1 46
-18863.08989438 1 51
-18965.21912606 1 48
-19005.49241491 1 47
-19036.02798190 1 29
-19066.22158935 1 41
-19066.58066803 1 54
-19068.22934461 1 34
-19072.66743003 0
51 36
-13647.38002136 1 40
-13647.38002136 1 26
-13898.65857766 2 31 36
-14280.22253713 3 27 36 54
-14284.38450941 2 27 36
-14546.54687498 2 36 54
-14558.20323857 2 36 53
-14581.63011836 1 36
-14699.16787981 2 31 53
-14814.85804665 2 27 53
-14827.31254485 3 27 31 54
-14861.46298325 2 31 54
-14957.74774508 2 27 31
-14980.67571324 3 27 48 54
-14981.57846422 2 27 48
-15021.64493080 1 31
-15030.67051475 2 48 53
-15074.91940446 2 53 54
-15102.15255604 1 53
-15156.23732031 2 48 54
-15194.03851669 1 48
-15204.40178818 2 27 54
-15282.50917115 2 54 55
-15310.77866777 2 27 55
-15340.88555923 2 50 54
-15357.19670242 2 27 52
-15359.90701227 2 27 50
-15362.30982524 1 55
-15380.23244153 1 27
-15405.59474695 1 50
-15433.14192040 2 52 54
-15435.15741441 1 54
-15574.74844246 1 52
-15580.40352837 1 44
-15612.09869988 1 49
-15615.17228259 0
52 43
-10329.66801836 1 40
-10329.66801836 1 26
-10587.17644042 2 31 36
-10685.46834080 2 27 31
-11367.99219216 1 31
-11466.71094354 3 27 36 48
-11523.55612026 3 27 36 45
-11532.31394196 3 27 36 53
-11558.21743053 2 36 48
-11561.72433189 3 27 36 54
-11612.79928795 2 27 36
-11686.85856001 2 36 45
-11780.54577347 2 36 54
-11784.71804644 2 36 49
-11807.50662763 2 36 47
-11813.71559000 2 36 53
-11865.21640972 2 36 55
-11870.62502483 1 36
-12177.38684847 2 27 50
-12245.02632843 2 27 49
-12297.35111280 2 27 44
-12321.35988675 2 27 55
-12365.95255616 1 50
-12398.42406523 2 27 53
-12399.81772176 2 27 48
-12417.85169881 2 27 45
-12461.76435057 2 27 51
-12472.61615496 2 27 46
-12484.80008969 1 27
-12531.43717529 2 49 55
-12564.95558734 1 55
-12568.45979476 2 49 53
-12595.45041095 1 49
-12656.56304418 1 44
-12763.88639560 1 45
-12799.22640398 2 46 47
-12809.25175235 1 48
-12845.68001337 1 46
-12847.19585457 1 53
-12852.07811392 1 51
-12874.33529067 1 47
-12885.16351404 1 29
-12892.50195405 0
53 77
-9975.40638803 1 26
-9975.40638803 1 40
-10646.33388485 2 31 36
-11788.55466875 3 27 36 49
-11809.06248157 3 27 36 47
-11819.34288226 3 27 36 54
-11827.64560888 3 27 36 48
-11832.99379877 3 27 36 46
-11940.39773476 3 27 36 45
-11998.23117520 3 27 36 55
-12000.28415468 3 27 36 52
-12080.76950067 2 27 36
-12124.92420740 3 31 48 54
-12157.76984659 2 31 54
-12277.15498452 2 36 55
-12339.69987833 2 31 48
-12342.39794221 3 36 46 54
-12345.95220750 2 36 54
-12352.52876852 2 36 47
-12411.86136817 2 36 46
-12418.74844767 2 31 51
-12486.96730045 2 36 49
-12492.25435285 2 36 45
-12508.56149320 2 36 48
-12529.51895047 3 27 48 54
-12531.66009448 2 36 50
-12581.68393141 2 36 52
-12597.88611694 2 36 44
-12615.16648645 2 36 51
-12638.59336624 1 36
-12681.06701176 2 31 49
-12706.13266483 2 31 55
-12730.21358129 3 27 51 54
-12741.22549866 1 31
-12860.23320033 2 27 48
-12956.56935326 3 27 54 55
-13007.02204319 2 51 54
-13013.59624234 2 27 51
-13023.82492154 2 54 55
-13034.11389305 3 27 49 54
-13039.56742439 3 27 52 54
-13083.70859688 2 27 54
-13096.90692545 2 48 54
-13115.91251729 2 50 54
-13177.05509303 2 48 55
-13215.23614876 2 48 51
-13238.54176613 2 44 54
-13269.60720504 2 51 55
-13272.46633989 2 27 55
-13278.39316016 1 51
-13306.08552272 2 48 50
-13327.26046584 2 52 54
-13345.43983333 2 47 54
-13354.18325885 2 49 54
-13356.70705406 2 46 54
-13367.26005314 1 54
-13378.60415071 1 48
-13381.30170496 1 55
-13402.05437344 2 27 44
-13468.49949944 2 27 49
-13483.55200521 2 27 50
-13492.59461276 2 27 52
-13520.40741864 1 50
-13546.95026837 2 27 45
-13556.77172524 2 27 46
-13578.97063723 1 27
-13604.81532607 1 44
-13682.44117384 2 47 49
-13723.19098830 2 49 52
-13746.10678723 1 52
-13750.18160449 1 49
-13755.51543825 1 47
-13773.31680000 1 41
-13780.49317056 1 46
-13784.40658125 1 42
-13788.06728323 1 45
-13791.41288671 0
54 56
-5557.90704688 1 40
-5557.90704688 1 26
-5578.13431892 2 31 36
-6046.97193687 2 31 53
-6150.44381111 2 36 53
-6198.61900463 3 36 46 47
-6199.14304199 3 27 36 47
-6205.55449624 2 36 47
-6219.24392808 3 27 36 45
-6233.58699416 2 36 45
-6237.89655323 3 27 36 46
-6251.15049939 3 36 46 49
-6266.19269646 2 36 46
-6273.03053040 3 27 36 49
-6294.53851116 2 36 49
-6308.08064867 2 36 55
-6326.01192196 3 27 36 44
-6338.22863955 2 36 44
-6339.71532591 2 36 48
-6347.12404871 2 53 55
-6353.00571849 2 36 52
-6383.46816272 3 27 48 53
-6408.00172647 2 36 51
-6413.82032831 2 27 36
-6424.07548900 2 27 53
-6430.46079478 2 45 53
-6432.05130621 2 48 53
-6443.08496985 1 36
-6462.31393111 2 46 53
-6465.79899085 2 44 53
-6467.97103290 2 51 53
-6470.24564138 2 31 51
-6487.73260292 2 31 48
-6495.20418448 1 53
-6591.23857594 2 48 55
-6620.84134340 2 31 55
-6624.80017804 2 51 55
-6630.42758894 1 31
-6631.69828665 2 45 48
-6675.94733508 2 48 51
-6680.82910743 2 45 51
-6689.77144716 2 48 49
-6704.60083212 1 55
-6710.26816037 2 46 48
-6713.74853147 1 48
-6739.34214987 1 51
-6826.44974262 1 45
-6832.07255080 1 44
-6878.79019647 2 46 49
-6886.10004761 1 46
-6889.09024484 2 47 49
-6900.07578287 1 49
-6911.08666944 1 47
-6913.27025606 1 50
-6919.33752935 1 27
-6919.35701805 0
55 82
-12676.54846098 1 40
-12676.54846098 1 26
-13254.16277282 2 31 36
-13774.06555519 2 27 31
-13896.73896953 2 31 53
-13922.24555783 2 31 54
-13931.83180336 1 31
-14445.68463200 3 27 36 54
-14466.97625730 3 27 36 53
-14505.28881290 3 27 36 47
-14549.51458277 2 27 36
-14916.81438853 2 36 53
-15143.24844907 2 36 54
-15178.60413013 2 36 45
-15187.62757695 2 36 47
-15209.77487980 2 36 46
-15215.47630617 2 36 48
-15240.16262485 2 36 50
-15247.88771023 2 36 49
-15272.84415513 2 36 52
-15278.25277025 1 36
-15678.16357450 2 27 44
-15735.46315620 3 27 45 54
-15739.76081706 2 27 45
-15753.07503346 3 27 49 54
-15753.19966643 3 27 53 54
-15770.86099947 2 27 53
-15773.05841046 3 27 48 54
-15775.40443914 2 27 50
-15815.49717396 2 27 48
-15819.57560812 3 27 46 54
-15850.38722426 3 27 52 54
-15852.25784790 2 27 49
-15880.33891006 2 27 54
-15888.16844193 2 27 46
-15913.92509387 2 27 52
-16007.91152304 2 27 51
-16059.10119017 2 27 47
-16077.36529680 1 27
-16502.80728380 2 50 54
-16568.70503186 1 50
-16945.69860722 2 45 53
-16975.04731638 2 49 53
-16985.67993644 2 44 54
-17004.04226527 1 44
-17041.18521907 2 46 53
-17056.54997815 2 45 48
-17057.99841321 2 46 49
-17097.20903454 2 45 49
-17101.09860497 2 45 54
-17121.88499287 2 48 49
-17127.32251220 2 45 46
-17128.63830873 2 45 52
-17138.20672031 2 46 48
-17159.77813843 2 49 54
-17161.81442827 2 52 53
-17167.11760152 2 46 52
-17193.98137046 2 53 54
-17194.26561172 2 46 54
-17197.91229332 1 45
-17231.53767374 2 48 53
-17259.13285541 2 49 52
-17269.55363338 2 52 54
-17286.91391046 2 47 49
-17301.46145770 2 48 52
-17301.95899094 2 49 51
-17302.54403776 2 46 51
-17310.57677589 2 48 54
-17323.14609106 1 49
-17333.38679017 1 46
-17342.06150623 1 53
-17384.76825879 2 51 54
-17424.62632126 1 52
-17433.08673142 1 48
-17499.31023062 1 51
-17506.30374154 2 47 54
-17537.41650205 1 54
-17651.29018969 1 47
-17723.93191468 1 29
-17732.77950071 1 34
-17736.76231340 1 41
-17752.17268798 0

6
2 3
37 41
32 35
38 39
25 42